Tel,Filter,HJD,mag,e_mag,mag_aligned,e_mag_aligned
KMTA01,I,8171.22804,0.0,0.0,17.239821,0.033189
KMTA01,I,8171.25482,0.0,0.0,17.286507,0.029384
KMTA01,I,8172.24687,0.0,0.0,17.202599,0.020798
KMTA01,I,8176.20745,0.0,0.0,17.189859,0.021793
KMTA01,I,8176.2089,0.0,0.0,17.240703,0.028417
KMTA01,I,8176.27199,0.0,0.0,17.279071,0.025023
KMTA01,I,8177.22009,0.0,0.0,17.172508,0.066768
KMTA01,I,8178.22533,0.0,0.0,17.254996,0.024638
KMTA01,I,8178.24132,0.0,0.0,17.086163,0.328228
KMTA01,I,8178.27506,0.0,0.0,17.220822,0.014293
KMTA01,I,8178.2899,0.0,0.0,17.212495,0.018719
KMTA01,I,8179.21391,0.0,0.0,17.318192,0.053828
KMTA01,I,8179.23958,0.0,0.0,17.012571,0.079475
KMTA01,I,8179.27329,0.0,0.0,17.104031,0.057748
KMTA01,I,8180.22286,0.0,0.0,17.191427,0.033818
KMTA01,I,8180.24806,0.0,0.0,17.25206,0.028311
KMTA01,I,8188.19024,0.0,0.0,17.21994,0.02406
KMTA01,I,8188.22553,0.0,0.0,17.242563,0.028118
KMTA01,I,8188.25028,0.0,0.0,17.277506,0.034258
KMTA01,I,8188.28001,0.0,0.0,17.247067,0.033881
KMTA01,I,8189.1817,0.0,0.0,17.22474,0.018813
KMTA01,I,8189.20595,0.0,0.0,17.233064,0.016742
KMTA01,I,8189.22912,0.0,0.0,17.222389,0.018124
KMTA01,I,8189.26765,0.0,0.0,17.228364,0.019503
KMTA01,I,8190.17833,0.0,0.0,17.222487,0.019209
KMTA01,I,8190.20133,0.0,0.0,17.204167,0.020995
KMTA01,I,8192.19536,0.0,0.0,17.245109,0.023454
KMTA01,I,8192.21912,0.0,0.0,17.240605,0.01615
KMTA01,I,8192.24376,0.0,0.0,17.244619,0.018116
KMTA01,I,8192.2735,0.0,0.0,17.227776,0.015859
KMTA01,I,8193.23478,0.0,0.0,17.218667,0.017238
KMTA01,I,8193.26391,0.0,0.0,17.21465,0.01547
KMTA01,I,8194.18056,0.0,0.0,17.238744,0.023159
KMTA01,I,8194.20676,0.0,0.0,17.242955,0.018511
KMTA01,I,8194.23079,0.0,0.0,17.212495,0.017733
KMTA01,I,8194.26061,0.0,0.0,17.244129,0.019398
KMTA01,I,8194.2837,0.0,0.0,17.225817,0.017039
KMTA01,I,8195.162,0.0,0.0,17.208478,0.020005
KMTA01,I,8195.18811,0.0,0.0,17.223466,0.020197
KMTA01,I,8195.21434,0.0,0.0,17.225131,0.017926
KMTA01,I,8195.23732,0.0,0.0,17.215238,0.017732
KMTA01,I,8195.27436,0.0,0.0,17.250493,0.01841
KMTA01,I,8196.16627,0.0,0.0,17.236786,0.017232
KMTA01,I,8196.18929,0.0,0.0,17.188977,0.017938
KMTA01,I,8196.21224,0.0,0.0,17.215826,0.01449
KMTA01,I,8196.24165,0.0,0.0,17.238548,0.016445
KMTA01,I,8196.2643,0.0,0.0,17.213474,0.015373
KMTA01,I,8196.29457,0.0,0.0,17.218275,0.013708
KMTA01,I,8197.1676,0.0,0.0,17.232477,0.024153
KMTA01,I,8197.17048,0.0,0.0,17.205146,0.019512
KMTA01,I,8197.1919,0.0,0.0,17.248535,0.019002
KMTA01,I,8197.21459,0.0,0.0,17.234142,0.020983
KMTA01,I,8197.24438,0.0,0.0,17.220822,0.01921
KMTA01,I,8197.26778,0.0,0.0,17.215532,0.015568
KMTA01,I,8201.17622,0.0,0.0,17.219156,0.016451
KMTA01,I,8201.20191,0.0,0.0,17.225131,0.01439
KMTA01,I,8201.22415,0.0,0.0,17.237863,0.016445
KMTA01,I,8201.26211,0.0,0.0,17.236982,0.016347
KMTA01,I,8201.28496,0.0,0.0,17.225719,0.012538
KMTA01,I,8202.15106,0.0,0.0,17.218862,0.01714
KMTA01,I,8202.17746,0.0,0.0,17.223956,0.016548
KMTA01,I,8202.21223,0.0,0.0,17.196915,0.01833
KMTA01,I,8202.26375,0.0,0.0,17.251864,0.021372
KMTA01,I,8204.15431,0.0,0.0,17.221605,0.022176
KMTA01,I,8204.18301,0.0,0.0,17.196915,0.017935
KMTA01,I,8204.20846,0.0,0.0,17.243248,0.027422
KMTA01,I,8204.23848,0.0,0.0,17.2823,0.034851
KMTA01,I,8204.26311,0.0,0.0,17.131609,0.045131
KMTA01,I,8206.15132,0.0,0.0,17.226894,0.013901
KMTA01,I,8206.1752,0.0,0.0,17.209262,0.014003
KMTA01,I,8206.19779,0.0,0.0,17.241584,0.017329
KMTA01,I,8206.23143,0.0,0.0,17.225523,0.015565
KMTA01,I,8206.2538,0.0,0.0,17.225817,0.014879
KMTA01,I,8206.28461,0.0,0.0,17.207596,0.012154
KMTA01,I,8207.13076,0.0,0.0,17.219548,0.016943
KMTA01,I,8207.15614,0.0,0.0,17.213572,0.016846
KMTA01,I,8207.17857,0.0,0.0,17.22758,0.014781
KMTA01,I,8207.20795,0.0,0.0,17.193877,0.013519
KMTA01,I,8207.23211,0.0,0.0,17.212691,0.012638
KMTA01,I,8207.25831,0.0,0.0,17.242759,0.015168
KMTA01,I,8207.28652,0.0,0.0,17.23042,0.019601
KMTA01,I,8208.12582,0.0,0.0,17.235023,0.025045
KMTA01,I,8208.1482,0.0,0.0,17.206028,0.023868
KMTA01,I,8208.18883,0.0,0.0,17.237079,0.020784
KMTA01,I,8208.21993,0.0,0.0,17.214062,0.015569
KMTA01,I,8208.24967,0.0,0.0,17.177116,0.014893
KMTA01,I,8208.27585,0.0,0.0,17.220038,0.014979
KMTA01,I,8209.1353,0.0,0.0,17.254115,0.035767
KMTA01,I,8209.16522,0.0,0.0,17.210731,0.018029
KMTA01,I,8209.19278,0.0,0.0,17.209556,0.016258
KMTA01,I,8209.21531,0.0,0.0,17.208968,0.017143
KMTA01,I,8209.2495,0.0,0.0,17.237961,0.017134
KMTA01,I,8209.27144,0.0,0.0,17.24315,0.019399
KMTA01,I,8211.16087,0.0,0.0,17.238548,0.020982
KMTA01,I,8211.23586,0.0,0.0,17.235023,0.024449
KMTA01,I,8211.26715,0.0,0.0,17.215826,0.016944
KMTA01,I,8212.13686,0.0,0.0,17.239136,0.029113
KMTA01,I,8212.16712,0.0,0.0,17.207106,0.023867
KMTA01,I,8212.19623,0.0,0.0,17.204755,0.01971
KMTA01,I,8213.13658,0.0,0.0,17.222095,0.022473
KMTA01,I,8213.16057,0.0,0.0,17.224446,0.024752
KMTA01,I,8213.1915,0.0,0.0,17.22043,0.028329
KMTA01,I,8213.22795,0.0,0.0,17.243934,0.019991
KMTA01,I,8213.25447,0.0,0.0,17.195151,0.018923
KMTA01,I,8213.28046,0.0,0.0,17.207008,0.017242
KMTA01,I,8213.30549,0.0,0.0,17.226601,0.017728
KMTA01,I,8214.11409,0.0,0.0,17.22327,0.02277
KMTA01,I,8214.14537,0.0,0.0,17.210241,0.01951
KMTA01,I,8214.16817,0.0,0.0,17.226405,0.018221
KMTA01,I,8214.19106,0.0,0.0,17.180547,0.025468
KMTA01,I,8214.22132,0.0,0.0,17.224544,0.021779
KMTA01,I,8214.24431,0.0,0.0,17.198581,0.016556
KMTA01,I,8214.27402,0.0,0.0,17.235611,0.017331
KMTA01,I,8214.29687,0.0,0.0,17.229931,0.021381
KMTA01,I,8214.31948,0.0,0.0,17.169468,0.033931
KMTA01,I,8215.11178,0.0,0.0,17.17192,0.02915
KMTA01,I,8215.14135,0.0,0.0,17.198875,0.027148
KMTA01,I,8215.16414,0.0,0.0,17.170351,0.026764
KMTA01,I,8215.20028,0.0,0.0,17.222095,0.025249
KMTA01,I,8215.22649,0.0,0.0,17.238352,0.032892
KMTA01,I,8215.24954,0.0,0.0,17.212691,0.026048
KMTA01,I,8215.28192,0.0,0.0,17.261946,0.03407
KMTA01,I,8215.30465,0.0,0.0,17.233652,0.025343
KMTA01,I,8216.10565,0.0,0.0,17.2361,0.021774
KMTA01,I,8216.13164,0.0,0.0,17.185154,0.017643
KMTA01,I,8216.15833,0.0,0.0,17.212593,0.017142
KMTA01,I,8216.18139,0.0,0.0,17.218667,0.016746
KMTA01,I,8216.21136,0.0,0.0,17.229245,0.016743
KMTA01,I,8216.23398,0.0,0.0,17.258031,0.020282
KMTA01,I,8216.25585,0.0,0.0,17.194073,0.020999
KMTA01,I,8216.28554,0.0,0.0,17.212887,0.020497
KMTA01,I,8216.30825,0.0,0.0,17.239527,0.025935
KMTA01,I,8217.11956,0.0,0.0,17.224935,0.019109
KMTA01,I,8217.14263,0.0,0.0,17.17888,0.016956
KMTA01,I,8217.16524,0.0,0.0,17.213474,0.014295
KMTA01,I,8217.19448,0.0,0.0,17.212495,0.016748
KMTA01,I,8217.21857,0.0,0.0,17.207596,0.015276
KMTA01,I,8217.24895,0.0,0.0,17.194073,0.013324
KMTA01,I,8217.27147,0.0,0.0,17.205538,0.014591
KMTA01,I,8217.29396,0.0,0.0,17.252745,0.019
KMTA01,I,8218.11159,0.0,0.0,17.20838,0.030523
KMTA01,I,8218.16365,0.0,0.0,17.230518,0.017825
KMTA01,I,8218.19367,0.0,0.0,17.202991,0.017736
KMTA01,I,8218.21593,0.0,0.0,17.208282,0.015472
KMTA01,I,8218.24525,0.0,0.0,17.224935,0.014586
KMTA01,I,8218.26851,0.0,0.0,17.228364,0.016547
KMTA01,I,8218.29502,0.0,0.0,17.207792,0.013906
KMTA01,I,8219.09782,0.0,0.0,17.18731,0.018629
KMTA01,I,8219.12022,0.0,0.0,17.217785,0.014588
KMTA01,I,8219.17805,0.0,0.0,17.215238,0.015666
KMTA01,I,8219.20098,0.0,0.0,17.217785,0.01655
KMTA01,I,8219.23102,0.0,0.0,17.230322,0.017333
KMTA01,I,8219.2535,0.0,0.0,17.207988,0.016258
KMTA01,I,8219.28312,0.0,0.0,17.204755,0.018623
KMTA01,I,8219.3072,0.0,0.0,17.230028,0.014388
KMTA01,I,8220.11067,0.0,0.0,17.225425,0.016842
KMTA01,I,8220.14143,0.0,0.0,17.203481,0.014885
KMTA01,I,8220.16429,0.0,0.0,17.244032,0.031297
KMTA01,I,8220.19059,0.0,0.0,17.225523,0.020492
KMTA01,I,8220.22027,0.0,0.0,17.232085,0.01625
KMTA01,I,8220.24314,0.0,0.0,17.225817,0.017138
KMTA01,I,8220.27399,0.0,0.0,17.233064,0.015269
KMTA01,I,8220.29746,0.0,0.0,17.209066,0.016553
KMTA01,I,8220.32317,0.0,0.0,17.259891,0.050105
KMTA01,I,8221.11556,0.0,0.0,17.219352,0.018815
KMTA01,I,8221.13871,0.0,0.0,17.224935,0.016351
KMTA01,I,8221.16868,0.0,0.0,17.188095,0.014009
KMTA01,I,8221.19108,0.0,0.0,17.217589,0.016648
KMTA01,I,8221.21361,0.0,0.0,17.197699,0.017442
KMTA01,I,8221.24402,0.0,0.0,17.20887,0.02129
KMTA01,I,8221.26687,0.0,0.0,17.128959,0.055224
KMTA01,I,8221.30069,0.0,0.0,17.17241,0.046695
KMTA01,I,8223.09908,0.0,0.0,17.224152,0.022373
KMTA01,I,8223.1221,0.0,0.0,17.203481,0.019809
KMTA01,I,8223.15198,0.0,0.0,17.23894,0.023456
KMTA01,I,8223.1745,0.0,0.0,17.245206,0.025635
KMTA01,I,8223.20657,0.0,0.0,17.226992,0.023264
KMTA01,I,8223.2326,0.0,0.0,17.243444,0.020881
KMTA01,I,8223.25492,0.0,0.0,17.232673,0.019897
KMTA01,I,8223.28778,0.0,0.0,17.235806,0.021378
KMTA01,I,8223.31095,0.0,0.0,17.194661,0.021791
KMTA01,I,8224.08207,0.0,0.0,17.231987,0.016054
KMTA01,I,8224.10486,0.0,0.0,17.180939,0.0145
KMTA01,I,8224.13502,0.0,0.0,17.207596,0.013028
KMTA01,I,8224.15966,0.0,0.0,17.235611,0.012924
KMTA01,I,8224.18974,0.0,0.0,17.212789,0.014883
KMTA01,I,8224.21704,0.0,0.0,17.23845,0.018611
KMTA01,I,8224.24004,0.0,0.0,17.235219,0.019303
KMTA01,I,8224.27344,0.0,0.0,17.21994,0.016746
KMTA01,I,8224.29662,0.0,0.0,17.238059,0.020883
KMTA01,I,8225.10413,0.0,0.0,17.203383,0.017835
KMTA01,I,8225.1273,0.0,0.0,17.199071,0.02169
KMTA01,I,8225.15064,0.0,0.0,17.217393,0.018421
KMTA01,I,8225.21345,0.0,0.0,17.205832,0.015081
KMTA01,I,8225.24222,0.0,0.0,17.228559,0.023858
KMTA01,I,8225.27468,0.0,0.0,17.203285,0.024762
KMTA01,I,8225.29824,0.0,0.0,17.202991,0.021788
KMTA01,I,8226.0918,0.0,0.0,17.234925,0.05741
KMTA01,I,8226.11463,0.0,0.0,17.333832,0.074024
KMTA01,I,8226.14076,0.0,0.0,17.268601,0.166625
KMTA01,I,8227.30326,0.0,0.0,17.307926,0.129296
KMTA01,I,8228.13825,0.0,0.0,17.205048,0.013321
KMTA01,I,8228.16806,0.0,0.0,17.202207,0.01381
KMTA01,I,8228.19029,0.0,0.0,17.205146,0.013907
KMTA01,I,8228.2132,0.0,0.0,17.194955,0.013616
KMTA01,I,8228.24458,0.0,0.0,17.227188,0.012149
KMTA01,I,8228.26731,0.0,0.0,17.218667,0.013318
KMTA01,I,8228.30466,0.0,0.0,17.215336,0.011958
KMTA01,I,8229.07531,0.0,0.0,17.219058,0.017041
KMTA01,I,8229.09825,0.0,0.0,17.210437,0.015864
KMTA01,I,8229.12105,0.0,0.0,17.204167,0.013029
KMTA01,I,8229.15072,0.0,0.0,17.223662,0.012053
KMTA01,I,8229.17638,0.0,0.0,17.203579,0.013321
KMTA01,I,8229.20211,0.0,0.0,17.187114,0.012255
KMTA01,I,8229.22853,0.0,0.0,17.206518,0.012834
KMTA01,I,8229.25891,0.0,0.0,17.220724,0.014489
KMTA01,I,8229.29169,0.0,0.0,17.2314,0.013607
KMTA01,I,8230.08117,0.0,0.0,17.20936,0.01951
KMTA01,I,8230.10676,0.0,0.0,17.196425,0.018133
KMTA01,I,8230.13504,0.0,0.0,17.219744,0.01921
KMTA01,I,8230.15773,0.0,0.0,17.201521,0.019316
KMTA01,I,8230.18713,0.0,0.0,17.173782,0.016072
KMTA01,I,8230.20999,0.0,0.0,17.215728,0.0202
KMTA01,I,8230.23441,0.0,0.0,17.204951,0.019611
KMTA01,I,8230.2646,0.0,0.0,17.193289,0.01528
KMTA01,I,8230.2874,0.0,0.0,17.199855,0.020502
KMTA01,I,8231.09217,0.0,0.0,17.203285,0.016554
KMTA01,I,8231.11505,0.0,0.0,17.212397,0.014981
KMTA01,I,8231.13843,0.0,0.0,17.194171,0.013421
KMTA01,I,8231.17016,0.0,0.0,17.190545,0.013813
KMTA01,I,8231.19435,0.0,0.0,17.212103,0.015471
KMTA01,I,8231.2246,0.0,0.0,17.202403,0.014396
KMTA01,I,8231.2479,0.0,0.0,17.206322,0.015964
KMTA01,I,8231.27178,0.0,0.0,17.213474,0.015079
KMTA01,I,8232.08654,0.0,0.0,17.219156,0.014685
KMTA01,I,8232.10914,0.0,0.0,17.227776,0.014878
KMTA01,I,8232.15939,0.0,0.0,17.205832,0.014395
KMTA01,I,8232.18788,0.0,0.0,17.221997,0.015861
KMTA01,I,8232.21041,0.0,0.0,17.214552,0.012443
KMTA01,I,8232.26105,0.0,0.0,17.193779,0.013714
KMTA01,I,8233.07784,0.0,0.0,17.222683,0.018025
KMTA01,I,8233.10398,0.0,0.0,17.209849,0.020795
KMTA01,I,8233.13015,0.0,0.0,17.236492,0.018908
KMTA01,I,8233.15411,0.0,0.0,17.214258,0.017338
KMTA01,I,8233.18888,0.0,0.0,17.206714,0.012154
KMTA01,I,8233.21556,0.0,0.0,17.214552,0.014686
KMTA01,I,8233.23829,0.0,0.0,17.203089,0.012349
KMTA01,I,8233.2687,0.0,0.0,17.218373,0.014001
KMTA01,I,8233.29338,0.0,0.0,17.215826,0.017338
KMTA01,I,8234.13686,0.0,0.0,17.219646,0.016254
KMTA01,I,8234.16338,0.0,0.0,17.214356,0.019015
KMTA01,I,8234.19281,0.0,0.0,17.216903,0.019409
KMTA01,I,8234.215,0.0,0.0,17.198091,0.017935
KMTA01,I,8234.24269,0.0,0.0,17.205342,0.022778
KMTA01,I,8234.27059,0.0,0.0,17.213083,0.016355
KMTA01,I,8234.2931,0.0,0.0,17.214062,0.017437
KMTA01,I,8235.05507,0.0,0.0,17.21416,0.053142
KMTA01,I,8235.08519,0.0,0.0,17.224838,0.027233
KMTA01,I,8235.108,0.0,0.0,17.163193,0.020714
KMTA01,I,8235.13398,0.0,0.0,17.194563,0.040492
KMTA01,I,8235.15975,0.0,0.0,17.215434,0.022377
KMTA01,I,8236.06724,0.0,0.0,17.177116,0.023583
KMTA01,I,8236.09984,0.0,0.0,17.229931,0.030908
KMTA01,I,8237.05797,0.0,0.0,17.24785,0.031096
KMTA01,I,8237.08123,0.0,0.0,17.207498,0.030822
KMTA01,I,8237.1038,0.0,0.0,17.215336,0.021288
KMTA01,I,8237.13935,0.0,0.0,17.218667,0.02674
KMTA01,I,8237.16152,0.0,0.0,17.214062,0.030321
KMTA01,I,8237.21342,0.0,0.0,17.208674,0.027639
KMTA01,I,8237.23916,0.0,0.0,17.224348,0.02386
KMTA01,I,8237.26187,0.0,0.0,17.202501,0.020501
KMTA01,I,8237.29179,0.0,0.0,17.225523,0.03499
KMTA01,I,8238.07272,0.0,0.0,17.210731,0.023667
KMTA01,I,8238.10363,0.0,0.0,17.18584,0.024671
KMTA01,I,8238.13048,0.0,0.0,17.228559,0.021183
KMTA01,I,8238.15496,0.0,0.0,17.23943,0.021179
KMTA01,I,8238.18465,0.0,0.0,17.207106,0.021984
KMTA01,I,8239.06435,0.0,0.0,17.204363,0.025854
KMTA01,I,8239.08732,0.0,0.0,17.179076,0.033925
KMTA01,I,8239.09053,0.0,0.0,17.301179,0.036826
KMTA01,I,8239.18623,0.0,0.0,17.204167,0.027741
KMTA01,I,8239.21732,0.0,0.0,17.208968,0.022974
KMTA01,I,8239.24547,0.0,0.0,17.217589,0.021683
KMTA01,I,8241.04443,0.0,0.0,17.176724,0.027358
KMTA01,I,8241.07418,0.0,0.0,17.180547,0.026163
KMTA01,I,8241.09712,0.0,0.0,17.17839,0.021204
KMTA01,I,8241.12033,0.0,0.0,17.211123,0.042872
KMTA01,I,8241.15061,0.0,0.0,17.205832,0.029629
KMTA01,I,8241.17263,0.0,0.0,17.220234,0.020791
KMTA01,I,8241.20206,0.0,0.0,17.191035,0.019616
KMTA01,I,8241.22462,0.0,0.0,17.211319,0.0203
KMTA01,I,8241.24677,0.0,0.0,17.142891,0.057009
KMTA01,I,8241.277,0.0,0.0,17.208576,0.027441
KMTA01,I,8241.29987,0.0,0.0,17.181625,0.047485
KMTA01,I,8241.32928,0.0,0.0,17.128371,0.074121
KMTA01,I,8243.04619,0.0,0.0,17.082726,0.073278
KMTA01,I,8243.07821,0.0,0.0,17.21994,0.090771
KMTA01,I,8243.1009,0.0,0.0,17.168194,0.060179
KMTA01,I,8243.12367,0.0,0.0,17.191035,0.049672
KMTA01,I,8243.15637,0.0,0.0,17.247654,0.054603
KMTA01,I,8243.1811,0.0,0.0,17.227188,0.0661
KMTA01,I,8243.21237,0.0,0.0,17.169468,0.060078
KMTA01,I,8243.24284,0.0,0.0,17.258129,0.034968
KMTA01,I,8243.26518,0.0,0.0,17.182801,0.028946
KMTA01,I,8243.29671,0.0,0.0,17.227776,0.027927
KMTA01,I,8243.31946,0.0,0.0,17.201717,0.024366
KMTA01,I,8244.04625,0.0,0.0,17.188977,0.023181
KMTA01,I,8244.07483,0.0,0.0,17.200345,0.019514
KMTA01,I,8244.09723,0.0,0.0,17.191623,0.015968
KMTA01,I,8244.1301,0.0,0.0,17.207302,0.014884
KMTA01,I,8244.15286,0.0,0.0,17.20593,0.014983
KMTA01,I,8244.18525,0.0,0.0,17.188389,0.01489
KMTA01,I,8244.21128,0.0,0.0,17.203187,0.01469
KMTA01,I,8244.23392,0.0,0.0,17.188389,0.01538
KMTA01,I,8244.26917,0.0,0.0,17.207106,0.018425
KMTA01,I,8244.29317,0.0,0.0,17.198777,0.016753
KMTA01,I,8244.31726,0.0,0.0,17.212103,0.018719
KMTA01,I,8245.0265,0.0,0.0,17.199757,0.023077
KMTA01,I,8245.06185,0.0,0.0,17.184566,0.025962
KMTA01,I,8245.08433,0.0,0.0,17.207302,0.028932
KMTA01,I,8245.11515,0.0,0.0,17.21563,0.030618
KMTA01,I,8245.14022,0.0,0.0,17.195249,0.015771
KMTA01,I,8245.16282,0.0,0.0,17.179665,0.015972
KMTA01,I,8245.19173,0.0,0.0,17.202501,0.018525
KMTA01,I,8245.21456,0.0,0.0,17.217001,0.018126
KMTA01,I,8245.24133,0.0,0.0,17.192407,0.021297
KMTA01,I,8245.26745,0.0,0.0,17.179469,0.023384
KMTA01,I,8245.2899,0.0,0.0,17.203089,0.019908
KMTA01,I,8245.31962,0.0,0.0,17.207596,0.019807
KMTA01,I,8246.02409,0.0,0.0,17.204363,0.019216
KMTA01,I,8246.02576,0.0,0.0,17.209458,0.017931
KMTA01,I,8246.04908,0.0,0.0,17.212103,0.016552
KMTA01,I,8246.07543,0.0,0.0,17.186232,0.017347
KMTA01,I,8246.10755,0.0,0.0,17.184076,0.017545
KMTA01,I,8246.13028,0.0,0.0,17.217785,0.012831
KMTA01,I,8246.16191,0.0,0.0,17.217883,0.013806
KMTA01,I,8246.18862,0.0,0.0,17.186036,0.015872
KMTA01,I,8246.21164,0.0,0.0,17.191819,0.015183
KMTA01,I,8246.24136,0.0,0.0,17.202697,0.016653
KMTA01,I,8246.27022,0.0,0.0,17.205146,0.014395
KMTA01,I,8246.29992,0.0,0.0,17.21514,0.016846
KMTA01,I,8246.32223,0.0,0.0,17.218079,0.023367
KMTA01,I,8247.29275,0.0,0.0,17.203873,0.014689
KMTA01,I,8247.32228,0.0,0.0,17.202991,0.017342
KMTA01,I,8248.0185,0.0,0.0,17.20544,0.01882
KMTA01,I,8248.04214,0.0,0.0,17.181821,0.019619
KMTA01,I,8248.07383,0.0,0.0,17.123072,0.036253
KMTA01,I,8248.09887,0.0,0.0,17.201325,0.015671
KMTA01,I,8248.12113,0.0,0.0,17.026333,0.138685
KMTA01,I,8248.15473,0.0,0.0,17.182801,0.022093
KMTA01,I,8248.17876,0.0,0.0,17.143479,0.044922
KMTA01,I,8248.20471,0.0,0.0,17.318388,0.069266
KMTA01,I,8248.23598,0.0,0.0,17.17241,0.013427
KMTA01,I,8248.25895,0.0,0.0,17.206126,0.017341
KMTA01,I,8248.28966,0.0,0.0,17.339988,0.236539
KMTA01,I,8248.31691,0.0,0.0,17.162605,0.03892
KMTA01,I,8249.03479,0.0,0.0,17.182801,0.023878
KMTA01,I,8249.06133,0.0,0.0,17.199855,0.029235
KMTA01,I,8249.08398,0.0,0.0,17.175351,0.023882
KMTA01,I,8249.11316,0.0,0.0,17.186036,0.036411
KMTA01,I,8249.16088,0.0,0.0,17.232673,0.077172
KMTA01,I,8249.19304,0.0,0.0,17.270069,0.056373
KMTA01,I,8251.06592,0.0,0.0,17.334223,0.045351
KMTA01,I,8251.08836,0.0,0.0,17.22043,0.020297
KMTA01,I,8251.11841,0.0,0.0,17.153778,0.022006
KMTA01,I,8251.14352,0.0,0.0,17.209849,0.021092
KMTA01,I,8251.16932,0.0,0.0,17.188879,0.016559
KMTA01,I,8251.19537,0.0,0.0,17.207694,0.014297
KMTA01,I,8251.21909,0.0,0.0,17.211613,0.015569
KMTA01,I,8251.2515,0.0,0.0,17.216707,0.01783
KMTA01,I,8251.27424,0.0,0.0,17.194367,0.019417
KMTA01,I,8251.29971,0.0,0.0,17.205342,0.0205
KMTA01,I,8251.32904,0.0,0.0,17.178488,0.026164
KMTA01,I,8252.00936,0.0,0.0,17.206126,0.020203
KMTA01,I,8252.03399,0.0,0.0,17.196229,0.020108
KMTA01,I,8252.06768,0.0,0.0,17.188879,0.016166
KMTA01,I,8252.09051,0.0,0.0,17.202501,0.016063
KMTA01,I,8252.11383,0.0,0.0,17.192407,0.018825
KMTA01,I,8252.1438,0.0,0.0,17.196621,0.014496
KMTA01,I,8252.16616,0.0,0.0,17.193583,0.013714
KMTA01,I,8252.1987,0.0,0.0,17.17839,0.014207
KMTA01,I,8252.22159,0.0,0.0,17.195445,0.013519
KMTA01,I,8252.25016,0.0,0.0,17.173488,0.01745
KMTA01,I,8252.28037,0.0,0.0,17.233652,0.020588
KMTA01,I,8252.30664,0.0,0.0,17.173096,0.020612
KMTA01,I,8253.00634,0.0,0.0,17.185056,0.015675
KMTA01,I,8253.03354,0.0,0.0,17.171822,0.01255
KMTA01,I,8253.06343,0.0,0.0,17.192309,0.012254
KMTA01,I,8253.08769,0.0,0.0,17.198777,0.013811
KMTA01,I,8253.11004,0.0,0.0,17.22425,0.022868
KMTA01,I,8253.14155,0.0,0.0,17.202207,0.014886
KMTA01,I,8253.16445,0.0,0.0,17.182703,0.014499
KMTA01,I,8253.19489,0.0,0.0,17.190447,0.01774
KMTA01,I,8253.21747,0.0,0.0,17.188977,0.024669
KMTA01,I,8253.24006,0.0,0.0,17.17937,0.022987
KMTA01,I,8253.27402,0.0,0.0,17.172508,0.019524
KMTA01,I,8253.29974,0.0,0.0,17.206028,0.017538
KMTA01,I,8253.33301,0.0,0.0,17.202599,0.034408
KMTA01,I,8254.02917,0.0,0.0,17.214258,0.021783
KMTA01,I,8254.055,0.0,0.0,17.253332,0.029602
KMTA01,I,8254.0854,0.0,0.0,17.207988,0.030722
KMTA01,I,8254.10882,0.0,0.0,17.233946,0.024351
KMTA01,I,8254.13626,0.0,0.0,17.183488,0.026758
KMTA01,I,8254.1634,0.0,0.0,17.174273,0.087151
KMTA01,I,8254.18736,0.0,0.0,17.205146,0.036
KMTA01,I,8254.21737,0.0,0.0,17.200149,0.018625
KMTA01,I,8254.23974,0.0,0.0,17.206518,0.021786
KMTA01,I,8254.26182,0.0,0.0,17.189761,0.015674
KMTA01,I,8254.29361,0.0,0.0,17.188193,0.013813
KMTA01,I,8254.31621,0.0,0.0,17.165252,0.015288
KMTA01,I,8255.0239,0.0,0.0,17.194857,0.017443
KMTA01,I,8255.04827,0.0,0.0,17.173488,0.015679
KMTA01,I,8255.07159,0.0,0.0,17.219058,0.014979
KMTA01,I,8255.10195,0.0,0.0,17.173292,0.011871
KMTA01,I,8255.12476,0.0,0.0,17.190251,0.01587
KMTA01,I,8255.15984,0.0,0.0,17.204559,0.018327
KMTA01,I,8255.18308,0.0,0.0,17.189957,0.01853
KMTA01,I,8255.2088,0.0,0.0,17.180645,0.018632
KMTA01,I,8255.24034,0.0,0.0,17.207204,0.019116
KMTA01,I,8255.26314,0.0,0.0,17.199365,0.01754
KMTA01,I,8255.29114,0.0,0.0,17.200149,0.021195
KMTA01,I,8256.01324,0.0,0.0,17.170253,0.016762
KMTA01,I,8256.03875,0.0,0.0,17.154367,0.023394
KMTA01,I,8256.0694,0.0,0.0,17.205146,0.020995
KMTA01,I,8256.0921,0.0,0.0,17.215728,0.023665
KMTA01,I,8256.11802,0.0,0.0,17.197503,0.017935
KMTA01,I,8256.14413,0.0,0.0,17.182605,0.017743
KMTA01,I,8256.16671,0.0,0.0,17.191035,0.020209
KMTA01,I,8256.19818,0.0,0.0,17.196229,0.02298
KMTA01,I,8256.22227,0.0,0.0,17.188095,0.018333
KMTA01,I,8256.24658,0.0,0.0,17.189075,0.012643
KMTA01,I,8256.27814,0.0,0.0,17.176233,0.017154
KMTA01,I,8256.30327,0.0,0.0,17.203677,0.0362
KMTA01,I,8257.025,0.0,0.0,17.212887,0.025452
KMTA01,I,8257.05096,0.0,0.0,17.183292,0.02041
KMTA01,I,8257.07383,0.0,0.0,17.163389,0.016272
KMTA01,I,8257.1042,0.0,0.0,17.17192,0.018338
KMTA01,I,8257.23173,0.0,0.0,17.17839,0.02398
KMTA01,I,8257.25979,0.0,0.0,17.228168,0.028126
KMTA01,I,8257.28755,0.0,0.0,17.196621,0.024864
KMTA01,I,8257.30986,0.0,0.0,17.170547,0.039114
KMTA01,I,8258.0001,0.0,0.0,17.17339,0.021008
KMTA01,I,8258.02953,0.0,0.0,17.193387,0.027449
KMTA01,I,8258.05397,0.0,0.0,17.180351,0.025071
KMTA01,I,8258.08483,0.0,0.0,17.189859,0.020605
KMTA01,I,8258.11045,0.0,0.0,17.219254,0.024953
KMTA01,I,8258.13324,0.0,0.0,17.204951,0.025853
KMTA01,I,8258.16572,0.0,0.0,17.199365,0.022186
KMTA01,I,8258.18995,0.0,0.0,17.207596,0.022479
KMTA01,I,8258.21399,0.0,0.0,17.20936,0.019807
KMTA01,I,8258.99337,0.0,0.0,17.134061,0.048525
KMTA01,I,8259.04603,0.0,0.0,17.082137,0.038276
KMTA01,I,8259.08268,0.0,0.0,17.13151,0.02549
KMTA01,I,8259.10564,0.0,0.0,17.191035,0.021397
KMTA01,I,8259.12988,0.0,0.0,17.191819,0.021297
KMTA01,I,8259.16008,0.0,0.0,17.18339,0.019421
KMTA01,I,8259.16439,0.0,0.0,17.167409,0.018834
KMTA01,I,8260.00848,0.0,0.0,17.106682,0.032872
KMTA01,I,8260.0415,0.0,0.0,17.040289,0.055607
KMTA01,I,8260.06539,0.0,0.0,17.180645,0.02517
KMTA01,I,8260.08819,0.0,0.0,17.262435,0.06396
KMTA01,I,8260.11752,0.0,0.0,17.183488,0.062559
KMTA01,I,8260.14001,0.0,0.0,17.0787,0.039277
KMTA01,I,8260.16918,0.0,0.0,17.171724,0.026068
KMTA01,I,8260.19736,0.0,0.0,17.25157,0.033281
KMTA01,I,8260.22107,0.0,0.0,17.268993,0.037348
KMTA01,I,8260.25143,0.0,0.0,17.153778,0.028563
KMTA01,I,8260.25562,0.0,0.0,17.243934,0.034779
KMTA01,I,8260.30612,0.0,0.0,17.240507,0.111899
KMTA01,I,8261.01858,0.0,0.0,17.218275,0.026939
KMTA01,I,8261.04116,0.0,0.0,17.201521,0.051159
KMTA01,I,8261.07247,0.0,0.0,17.196719,0.021097
KMTA01,I,8262.00288,0.0,0.0,17.189467,0.0144
KMTA01,I,8262.02536,0.0,0.0,17.144656,0.014216
KMTA01,I,8262.0583,0.0,0.0,17.165546,0.014602
KMTA01,I,8262.08137,0.0,0.0,17.171625,0.012745
KMTA01,I,8262.1105,0.0,0.0,17.157505,0.011971
KMTA01,I,8262.13275,0.0,0.0,17.170253,0.011581
KMTA01,I,8262.1556,0.0,0.0,17.172214,0.013622
KMTA01,I,8262.18872,0.0,0.0,17.171429,0.020612
KMTA01,I,8262.21131,0.0,0.0,17.160741,0.016469
KMTA01,I,8262.23674,0.0,0.0,17.15064,0.013627
KMTA01,I,8262.26277,0.0,0.0,17.17339,0.014404
KMTA01,I,8262.28558,0.0,0.0,17.166821,0.01421
KMTA01,I,8262.31607,0.0,0.0,17.179861,0.013718
KMTA01,I,8263.16989,0.0,0.0,17.166233,0.01519
KMTA01,I,8263.1923,0.0,0.0,17.157015,0.015683
KMTA01,I,8263.21846,0.0,0.0,17.157309,0.018837
KMTA01,I,8263.24896,0.0,0.0,17.176724,0.017153
KMTA01,I,8263.27767,0.0,0.0,17.202697,0.019908
KMTA01,I,8263.30754,0.0,0.0,17.193289,0.022386
KMTA01,I,8263.99937,0.0,0.0,17.159467,0.019232
KMTA01,I,8264.02185,0.0,0.0,17.180155,0.020609
KMTA01,I,8264.05067,0.0,0.0,17.172508,0.01982
KMTA01,I,8264.07895,0.0,0.0,17.14446,0.019633
KMTA01,I,8264.1087,0.0,0.0,17.128272,0.018452
KMTA01,I,8264.131,0.0,0.0,17.163291,0.019033
KMTA01,I,8264.15379,0.0,0.0,17.206224,0.023769
KMTA01,I,8264.18684,0.0,0.0,17.170155,0.022793
KMTA01,I,8264.21061,0.0,0.0,17.161036,0.016764
KMTA01,I,8264.25284,0.0,0.0,17.208184,0.023867
KMTA01,I,8264.2809,0.0,0.0,17.174763,0.019325
KMTA01,I,8264.3036,0.0,0.0,17.158584,0.019133
KMTA01,I,8265.00256,0.0,0.0,17.167802,0.022893
KMTA01,I,8265.02507,0.0,0.0,17.14858,0.016867
KMTA01,I,8265.05404,0.0,0.0,17.170057,0.015385
KMTA01,I,8265.08081,0.0,0.0,17.140438,0.014903
KMTA01,I,8265.10366,0.0,0.0,17.165546,0.01765
KMTA01,I,8265.13551,0.0,0.0,17.183096,0.016856
KMTA01,I,8265.15889,0.0,0.0,17.166723,0.013623
KMTA01,I,8265.18493,0.0,0.0,17.166723,0.014602
KMTA01,I,8265.21524,0.0,0.0,17.173684,0.015482
KMTA01,I,8265.23758,0.0,0.0,17.171822,0.018141
KMTA01,I,8265.27372,0.0,0.0,17.170253,0.017451
KMTA01,I,8265.29591,0.0,0.0,17.199267,0.018132
KMTA01,I,8265.31851,0.0,0.0,17.183586,0.035118
KMTA01,I,8266.97398,0.0,0.0,17.135141,0.016871
KMTA01,I,8267.00318,0.0,0.0,17.144264,0.018446
KMTA01,I,8267.03036,0.0,0.0,17.146913,0.015785
KMTA01,I,8267.0634,0.0,0.0,17.152601,0.013725
KMTA01,I,8267.08729,0.0,0.0,17.163193,0.015977
KMTA01,I,8267.11273,0.0,0.0,17.156328,0.01647
KMTA01,I,8267.14488,0.0,0.0,17.153582,0.014409
KMTA01,I,8267.16834,0.0,0.0,17.173194,0.014208
KMTA01,I,8267.1957,0.0,0.0,17.148874,0.022603
KMTA01,I,8267.22184,0.0,0.0,17.142106,0.014608
KMTA01,I,8267.24566,0.0,0.0,17.158388,0.018639
KMTA01,I,8267.28115,0.0,0.0,17.152013,0.01874
KMTA01,I,8267.30404,0.0,0.0,17.132884,0.017562
KMTA01,I,8267.98836,0.0,0.0,17.119146,0.03127
KMTA01,I,8269.2698,0.0,0.0,17.108939,0.118476
KMTA01,I,8269.29295,0.0,0.0,16.990939,0.091833
KMTA01,I,8269.30011,0.0,0.0,17.000576,0.138541
KMTA01,I,8269.95932,0.0,0.0,17.055715,0.089935
KMTA01,I,8269.99151,0.0,0.0,17.186918,0.073542
KMTA01,I,8270.01354,0.0,0.0,17.124151,0.064726
KMTA01,I,8270.03809,0.0,0.0,17.245696,0.058296
KMTA01,I,8270.06873,0.0,0.0,17.160937,0.054693
KMTA01,I,8270.09141,0.0,0.0,17.152405,0.049408
KMTA01,I,8270.11762,0.0,0.0,17.134258,0.048825
KMTA01,I,8270.14629,0.0,0.0,17.078209,0.054172
KMTA01,I,8270.16881,0.0,0.0,17.111687,0.04255
KMTA01,I,8270.20061,0.0,0.0,17.1729,0.047693
KMTA01,I,8270.22323,0.0,0.0,17.175645,0.076755
KMTA01,I,8270.25,0.0,0.0,17.399459,0.086351
KMTA01,I,8270.27576,0.0,0.0,17.195739,0.083919
KMTA01,I,8270.30032,0.0,0.0,17.182115,0.05617
KMTA01,I,8270.31384,0.0,0.0,17.215238,0.062921
KMTA01,I,8270.95681,0.0,0.0,17.16486,0.052492
KMTA01,I,8270.98663,0.0,0.0,17.141714,0.035344
KMTA01,I,8271.00964,0.0,0.0,17.158976,0.029058
KMTA01,I,8271.03196,0.0,0.0,17.150444,0.024786
KMTA01,I,8271.06219,0.0,0.0,17.189663,0.041493
KMTA01,I,8271.08493,0.0,0.0,17.14652,0.031753
KMTA01,I,8271.11417,0.0,0.0,17.167311,0.035328
KMTA01,I,8271.14038,0.0,0.0,17.144068,0.03285
KMTA01,I,8271.16316,0.0,0.0,17.176233,0.026066
KMTA01,I,8271.19566,0.0,0.0,17.14652,0.023497
KMTA01,I,8271.22378,0.0,0.0,17.122483,0.028579
KMTA01,I,8271.2507,0.0,0.0,17.153582,0.035935
KMTA01,I,8271.27718,0.0,0.0,17.178488,0.048087
KMTA01,I,8271.30091,0.0,0.0,17.217491,0.058926
KMTA01,I,8271.31481,0.0,0.0,17.009229,0.055535
KMTA01,I,8271.98373,0.0,0.0,17.108154,0.073246
KMTA01,I,8272.00631,0.0,0.0,17.156328,0.025479
KMTA01,I,8272.02882,0.0,0.0,17.137201,0.021418
KMTA01,I,8272.05933,0.0,0.0,17.140929,0.02003
KMTA01,I,8272.08251,0.0,0.0,17.227972,0.031705
KMTA01,I,8272.10896,0.0,0.0,17.165154,0.020516
KMTA01,I,8272.13587,0.0,0.0,17.156426,0.023195
KMTA01,I,8272.16562,0.0,0.0,17.149953,0.018445
KMTA01,I,8272.19676,0.0,0.0,17.143675,0.015196
KMTA01,I,8272.22312,0.0,0.0,17.161232,0.020319
KMTA01,I,8272.25199,0.0,0.0,17.156132,0.018245
KMTA01,I,8272.27881,0.0,0.0,17.138574,0.019931
KMTA01,I,8272.30065,0.0,0.0,17.179665,0.02517
KMTA01,I,8272.31481,0.0,0.0,17.166037,0.024581
KMTA01,I,8273.04693,0.0,0.0,17.134748,0.015493
KMTA01,I,8273.04693,0.0,0.0,17.134748,0.015493
KMTA01,I,8273.07554,0.0,0.0,17.157701,0.020518
KMTA01,I,8273.10138,0.0,0.0,17.144951,0.019237
KMTA01,I,8273.12561,0.0,0.0,17.158094,0.017554
KMTA01,I,8273.15608,0.0,0.0,17.135042,0.015788
KMTA01,I,8273.17989,0.0,0.0,17.163193,0.019626
KMTA01,I,8273.20599,0.0,0.0,17.142989,0.015589
KMTA01,I,8273.23221,0.0,0.0,17.137495,0.016181
KMTA01,I,8273.25459,0.0,0.0,17.137397,0.01687
KMTA01,I,8273.28813,0.0,0.0,17.110117,0.016681
KMTA01,I,8273.30306,0.0,0.0,17.159074,0.017652
KMTA01,I,8273.31913,0.0,0.0,17.161232,0.021904
KMTA01,I,8273.96452,0.0,0.0,17.111393,0.014322
KMTA01,I,8273.98734,0.0,0.0,17.123366,0.013146
KMTA01,I,8274.01899,0.0,0.0,17.15623,0.016175
KMTA01,I,8274.04208,0.0,0.0,17.128371,0.016282
KMTA01,I,8274.0722,0.0,0.0,17.150738,0.017655
KMTA01,I,8274.09595,0.0,0.0,17.151523,0.017654
KMTA01,I,8274.12002,0.0,0.0,17.129156,0.019836
KMTA01,I,8274.15286,0.0,0.0,17.141125,0.017362
KMTA01,I,8274.17756,0.0,0.0,17.137103,0.017264
KMTA01,I,8274.20377,0.0,0.0,17.135533,0.016181
KMTA01,I,8274.2329,0.0,0.0,17.146226,0.019039
KMTA01,I,8274.25552,0.0,0.0,17.135827,0.017068
KMTA01,I,8274.28502,0.0,0.0,17.154171,0.025679
KMTA01,I,8274.30068,0.0,0.0,17.143479,0.027673
KMTA01,I,8274.31897,0.0,0.0,17.148384,0.028765
KMTA01,I,8274.96474,0.0,0.0,16.805701,0.020232
KMTA01,I,8274.99063,0.0,0.0,16.789233,0.016168
KMTA01,I,8275.01691,0.0,0.0,16.775424,0.011748
KMTA01,I,8275.03983,0.0,0.0,16.789824,0.013703
KMTA01,I,8275.07059,0.0,0.0,16.799686,0.012525
KMTA01,I,8275.96498,0.0,0.0,16.925507,0.022785
KMTA01,I,8275.9894,0.0,0.0,16.913398,0.017524
KMTA01,I,8276.0193,0.0,0.0,16.929839,0.018312
KMTA01,I,8276.04205,0.0,0.0,16.872526,0.019816
KMTA01,I,8276.07168,0.0,0.0,16.838037,0.045738
KMTA01,I,8276.09437,0.0,0.0,16.922849,0.026274
KMTA01,I,8276.11731,0.0,0.0,16.893802,0.019513
KMTA01,I,8276.14965,0.0,0.0,16.936532,0.028365
KMTA01,I,8276.17417,0.0,0.0,16.904733,0.016834
KMTA01,I,8276.20766,0.0,0.0,16.936433,0.020593
KMTA01,I,8276.23419,0.0,0.0,16.919404,0.019108
KMTA01,I,8276.25671,0.0,0.0,16.917631,0.018613
KMTA01,I,8276.2867,0.0,0.0,16.935252,0.024076
KMTA01,I,8276.30881,0.0,0.0,16.878042,0.03389
KMTA01,I,8277.01736,0.0,0.0,16.896559,0.208058
KMTA01,I,8277.04343,0.0,0.0,16.937122,0.013283
KMTA01,I,8277.06954,0.0,0.0,16.942929,0.016429
KMTA01,I,8277.09231,0.0,0.0,16.933284,0.015445
KMTA01,I,8277.1255,0.0,0.0,16.94785,0.014163
KMTA01,I,8277.15004,0.0,0.0,16.920979,0.015645
KMTA01,I,8277.17275,0.0,0.0,16.96743,0.014945
KMTA01,I,8277.20184,0.0,0.0,16.959363,0.015144
KMTA01,I,8277.22444,0.0,0.0,16.932201,0.015643
KMTA01,I,8277.25699,0.0,0.0,16.953853,0.015539
KMTA01,I,8277.28005,0.0,0.0,16.937418,0.018608
KMTA01,I,8277.29673,0.0,0.0,16.981792,0.023163
KMTA01,I,8277.31107,0.0,0.0,16.900105,0.029279
KMTA01,I,8280.21347,0.0,0.0,16.999003,0.017304
KMTA01,I,8280.24347,0.0,0.0,16.968709,0.015536
KMTA01,I,8280.26741,0.0,0.0,16.983071,0.017605
KMTA01,I,8280.28371,0.0,0.0,16.96074,0.017512
KMTA01,I,8280.29803,0.0,0.0,16.9873,0.02018
KMTA01,I,8280.9574,0.0,0.0,16.964873,0.018798
KMTA01,I,8280.97974,0.0,0.0,16.997036,0.014938
KMTA01,I,8281.00538,0.0,0.0,17.001363,0.015429
KMTA01,I,8281.03648,0.0,0.0,16.995266,0.01484
KMTA01,I,8281.05958,0.0,0.0,16.975694,0.012397
KMTA01,I,8281.0856,0.0,0.0,16.983268,0.01259
KMTA01,I,8281.1128,0.0,0.0,16.98012,0.013079
KMTA01,I,8281.13872,0.0,0.0,17.029577,0.167244
KMTA01,I,8281.16841,0.0,0.0,16.980809,0.013079
KMTA01,I,8281.2479,0.0,0.0,17.020337,0.21128
KMTA01,I,8281.27039,0.0,0.0,16.999298,0.018194
KMTA01,I,8281.28381,0.0,0.0,17.031543,0.036909
KMTA01,I,8281.97253,0.0,0.0,16.999691,0.014839
KMTA01,I,8281.99563,0.0,0.0,16.98494,0.014057
KMTA01,I,8282.02114,0.0,0.0,16.992709,0.013761
KMTA01,I,8282.05246,0.0,0.0,16.992513,0.015234
KMTA01,I,8282.08349,0.0,0.0,17.009032,0.01592
KMTA01,I,8282.11684,0.0,0.0,16.977464,0.01455
KMTA01,I,8282.14012,0.0,0.0,16.987792,0.016517
KMTA01,I,8282.16745,0.0,0.0,16.994184,0.013663
KMTA01,I,8282.20005,0.0,0.0,16.999986,0.019085
KMTA01,I,8282.22314,0.0,0.0,16.965561,0.034447
KMTA01,I,8282.24954,0.0,0.0,17.202403,0.228502
KMTA01,I,8282.27624,0.0,0.0,16.948342,0.119585
KMTA01,I,8282.28207,0.0,0.0,17.02938,0.069136
KMTA01,I,8282.2961,0.0,0.0,16.960839,0.044556
KMTA01,I,8282.95499,0.0,0.0,17.039306,0.017491
KMTA01,I,8282.97999,0.0,0.0,17.019453,0.01898
KMTA01,I,8283.00991,0.0,0.0,17.013751,0.019478
KMTA01,I,8283.0336,0.0,0.0,16.990644,0.015432
KMTA01,I,8283.06326,0.0,0.0,16.993594,0.013663
KMTA01,I,8283.09523,0.0,0.0,17.017094,0.013756
KMTA01,I,8283.12765,0.0,0.0,16.984251,0.0122
KMTA01,I,8283.15934,0.0,0.0,17.003133,0.01474
KMTA01,I,8283.18239,0.0,0.0,17.009622,0.013073
KMTA01,I,8283.21234,0.0,0.0,16.988087,0.020478
KMTA01,I,8283.24151,0.0,0.0,17.013358,0.018883
KMTA01,I,8283.29714,0.0,0.0,17.059645,0.180387
KMTA01,I,8283.93485,0.0,0.0,17.01326,0.020866
KMTA01,I,8283.96404,0.0,0.0,17.012768,0.016807
KMTA01,I,8283.99004,0.0,0.0,16.983661,0.016222
KMTA01,I,8284.01433,0.0,0.0,17.016504,0.015918
KMTA01,I,8284.06138,0.0,0.0,17.027906,0.014833
KMTA01,I,8284.08418,0.0,0.0,16.994479,0.013076
KMTA01,I,8284.12096,0.0,0.0,16.988775,0.012199
KMTA01,I,8284.14368,0.0,0.0,16.999396,0.011906
KMTA01,I,8284.17723,0.0,0.0,17.018568,0.013756
KMTA01,I,8284.21058,0.0,0.0,17.014636,0.014149
KMTA01,I,8284.23068,0.0,0.0,17.005394,0.015035
KMTA01,I,8284.25623,0.0,0.0,17.019158,0.014835
KMTA01,I,8284.2755,0.0,0.0,17.015521,0.016115
KMTA01,I,8284.28933,0.0,0.0,16.993889,0.01435
KMTA01,I,8285.16267,0.0,0.0,17.017683,0.022156
KMTA01,I,8285.18922,0.0,0.0,17.043041,0.019766
KMTA01,I,8285.2254,0.0,0.0,16.981792,0.04164
KMTA01,I,8285.24764,0.0,0.0,17.349661,0.354171
KMTA01,I,8285.27392,0.0,0.0,17.015029,0.048122
KMTA01,I,8285.28321,0.0,0.0,17.016307,0.098912
KMTA01,I,8288.93858,0.0,0.0,17.044711,0.018082
KMTA01,I,8288.96131,0.0,0.0,16.987694,0.015728
KMTA01,I,8288.99095,0.0,0.0,17.019158,0.016213
KMTA01,I,8289.0137,0.0,0.0,17.028496,0.014342
KMTA01,I,8289.03755,0.0,0.0,17.012768,0.019974
KMTA01,I,8289.06998,0.0,0.0,17.023974,0.018187
KMTA01,I,8289.09627,0.0,0.0,17.063279,0.042585
KMTA01,I,8289.12663,0.0,0.0,17.021026,0.05192
KMTA01,I,8289.14937,0.0,0.0,17.08901,0.053562
KMTA01,I,8289.17651,0.0,0.0,17.014734,0.037718
KMTA01,I,8289.20894,0.0,0.0,17.014439,0.018586
KMTA01,I,8289.2313,0.0,0.0,17.035769,0.019669
KMTA01,I,8289.26531,0.0,0.0,16.97953,0.028147
KMTA01,I,8289.27937,0.0,0.0,17.015619,0.088089
KMTA01,I,8289.96475,0.0,0.0,17.017978,0.022753
KMTA01,I,8290.0239,0.0,0.0,17.026137,0.020267
KMTA01,I,8290.10157,0.0,0.0,17.005591,0.081588
KMTA01,I,8290.13313,0.0,0.0,16.750463,0.118499
KMTA01,I,8290.15901,0.0,0.0,16.769111,0.084676
KMTA01,I,8290.18112,0.0,0.0,16.981202,0.055459
KMTA01,I,8290.21035,0.0,0.0,16.784203,0.119253
KMTA01,I,8290.23841,0.0,0.0,17.040387,0.195978
KMTA01,I,8290.26037,0.0,0.0,16.975595,0.033842
KMTA01,I,8290.27183,0.0,0.0,17.017094,0.142315
KMTA01,I,8290.91605,0.0,0.0,16.994971,0.023756
KMTA01,I,8290.94775,0.0,0.0,17.010605,0.023451
KMTA01,I,8290.97803,0.0,0.0,16.882967,0.033387
KMTA01,I,8291.00908,0.0,0.0,16.98848,0.021073
KMTA01,I,8291.03206,0.0,0.0,16.96684,0.015339
KMTA01,I,8291.05465,0.0,0.0,16.964479,0.014651
KMTA01,I,8291.08506,0.0,0.0,16.989366,0.015826
KMTA01,I,8291.11142,0.0,0.0,16.958674,0.013671
KMTA01,I,8291.14852,0.0,0.0,16.9632,0.012302
KMTA01,I,8291.18041,0.0,0.0,16.955722,0.012986
KMTA01,I,8291.20411,0.0,0.0,16.965856,0.012789
KMTA01,I,8291.23426,0.0,0.0,16.940567,0.01387
KMTA01,I,8291.25895,0.0,0.0,16.926787,0.017323
KMTA01,I,8291.26031,0.0,0.0,16.949424,0.018307
KMTA01,I,8291.27595,0.0,0.0,16.942929,0.016232
KMTA01,I,8291.91775,0.0,0.0,16.794361,0.016463
KMTA01,I,8291.94367,0.0,0.0,16.786964,0.015279
KMTA01,I,8291.97087,0.0,0.0,16.796038,0.014488
KMTA01,I,8291.9935,0.0,0.0,16.749773,0.012631
KMTA01,I,8292.04057,0.0,0.0,16.676622,0.012251
KMTA01,I,8292.06912,0.0,0.0,16.615073,0.011186
KMTA01,I,8292.09787,0.0,0.0,16.595503,0.012164
KMTA01,I,8292.12867,0.0,0.0,16.604003,0.011967
KMTA01,I,8292.15197,0.0,0.0,16.613393,0.013535
KMTA01,I,8292.18512,0.0,0.0,16.656868,0.012645
KMTA01,I,8292.233,0.0,0.0,16.734674,0.014993
KMTA01,I,8292.25861,0.0,0.0,16.830447,0.014679
KMTA01,I,8292.27323,0.0,0.0,16.831433,0.01804
KMTA01,I,8292.92084,0.0,0.0,17.158682,0.070183
KMTA01,I,8292.92502,0.0,0.0,17.119539,0.025297
KMTA01,I,8292.95427,0.0,0.0,17.191231,0.020407
KMTA01,I,8292.97667,0.0,0.0,17.166625,0.01834
KMTA01,I,8293.00782,0.0,0.0,17.197405,0.017442
KMTA01,I,8293.03047,0.0,0.0,17.157407,0.017948
KMTA01,I,8293.05275,0.0,0.0,17.17692,0.020511
KMTA01,I,8293.09414,0.0,0.0,17.174861,0.021502
KMTA01,I,8293.12073,0.0,0.0,17.187114,0.017249
KMTA01,I,8293.14839,0.0,0.0,17.173488,0.018141
KMTA01,I,8293.17388,0.0,0.0,17.176724,0.018633
KMTA01,I,8293.19651,0.0,0.0,17.168292,0.015091
KMTA01,I,8293.22722,0.0,0.0,17.176037,0.024675
KMTA01,I,8293.25031,0.0,0.0,17.163683,0.020615
KMTA01,I,8293.25298,0.0,0.0,17.194465,0.022386
KMTA01,I,8293.27199,0.0,0.0,17.199365,0.016556
KMTA01,I,8293.94535,0.0,0.0,17.163879,0.022299
KMTA01,I,8293.967,0.0,0.0,17.199463,0.024466
KMTA01,I,8293.99754,0.0,0.0,17.205048,0.020599
KMTA01,I,8294.01988,0.0,0.0,17.176429,0.020116
KMTA01,I,8294.04205,0.0,0.0,17.198189,0.021295
KMTA01,I,8294.07185,0.0,0.0,17.175841,0.018831
KMTA01,I,8294.09367,0.0,0.0,17.155936,0.016963
KMTA01,I,8294.12013,0.0,0.0,17.171429,0.018635
KMTA01,I,8294.14629,0.0,0.0,17.188781,0.017248
KMTA01,I,8294.16897,0.0,0.0,17.18633,0.022488
KMTA01,I,8294.19844,0.0,0.0,17.178488,0.022888
KMTA01,I,8294.22094,0.0,0.0,17.18682,0.028745
KMTA01,I,8294.24746,0.0,0.0,17.170351,0.026168
KMTA01,I,8294.26341,0.0,0.0,17.151228,0.02737
KMTA01,I,8294.90217,0.0,0.0,17.185546,0.025863
KMTA01,I,8294.93126,0.0,0.0,17.119146,0.022516
KMTA01,I,8294.95063,0.0,0.0,17.163487,0.020516
KMTA01,I,8294.96751,0.0,0.0,17.149855,0.02062
KMTA01,I,8294.98434,0.0,0.0,17.169665,0.020415
KMTA01,I,8295.0016,0.0,0.0,17.189271,0.0211
KMTA01,I,8295.02918,0.0,0.0,17.173684,0.019029
KMTA01,I,8295.04637,0.0,0.0,17.181429,0.021202
KMTA01,I,8295.06364,0.0,0.0,17.161134,0.02022
KMTA01,I,8295.08133,0.0,0.0,17.191525,0.029936
KMTA01,I,8295.09811,0.0,0.0,17.217393,0.026344
KMTA01,I,8295.12648,0.0,0.0,17.148776,0.028765
KMTA01,I,8295.14308,0.0,0.0,17.207204,0.030225
KMTA01,I,8295.15967,0.0,0.0,17.229539,0.037975
KMTA01,I,8295.17796,0.0,0.0,17.258716,0.035664
KMTA01,I,8295.19475,0.0,0.0,17.143675,0.04053
KMTA01,I,8295.22269,0.0,0.0,17.229539,0.043255
KMTA01,I,8295.23853,0.0,0.0,17.198189,0.048768
KMTA01,I,8295.25266,0.0,0.0,17.089992,0.044664
KMTA01,I,8295.26764,0.0,0.0,17.079485,0.060173
KMTA01,I,8295.90301,0.0,0.0,17.214748,0.041473
KMTA01,I,8295.92104,0.0,0.0,17.120422,0.031369
KMTA01,I,8295.9383,0.0,0.0,17.209947,0.034503
KMTA01,I,8295.95567,0.0,0.0,17.15064,0.035039
KMTA01,I,8295.97376,0.0,0.0,17.142302,0.034745
KMTA01,I,8296.0024,0.0,0.0,17.199855,0.034808
KMTA01,I,8296.01925,0.0,0.0,17.12945,0.029073
KMTA01,I,8296.03688,0.0,0.0,17.12209,0.027385
KMTA01,I,8296.05386,0.0,0.0,17.193681,0.031925
KMTA01,I,8296.07103,0.0,0.0,17.182409,0.040302
KMTA01,I,8296.10287,0.0,0.0,17.143185,0.057109
KMTA01,I,8296.11998,0.0,0.0,17.288757,0.056651
KMTA01,I,8296.13734,0.0,0.0,17.1679,0.052389
KMTA01,I,8296.1554,0.0,0.0,17.192211,0.05586
KMTA01,I,8299.88552,0.0,0.0,17.216217,0.033901
KMTA01,I,8299.90298,0.0,0.0,17.187899,0.053668
KMTA01,I,8299.91987,0.0,0.0,17.234631,0.123495
KMTA01,I,8299.93647,0.0,0.0,17.199463,0.048268
KMTA01,I,8299.95353,0.0,0.0,17.063869,0.136096
KMTA01,I,8299.98098,0.0,0.0,16.952573,0.108139
KMTA01,I,8299.99824,0.0,0.0,17.163781,0.066579
KMTA01,I,8300.0179,0.0,0.0,17.088912,0.093288
KMTA01,I,8300.03451,0.0,0.0,17.166625,0.042508
KMTA01,I,8300.0514,0.0,0.0,17.250395,0.050912
KMTA01,I,8300.08283,0.0,0.0,17.254898,0.043931
KMTA01,I,8300.09966,0.0,0.0,17.279267,0.093058
KMTA01,I,8300.11672,0.0,0.0,17.423069,0.104203
KMTA01,I,8300.13425,0.0,0.0,17.155249,0.09298
KMTA01,I,8300.15218,0.0,0.0,17.000183,0.251764
KMTA01,I,8300.18058,0.0,0.0,17.289833,0.303036
KMTA01,I,8300.21861,0.0,0.0,16.784893,0.316815
KMTA01,I,8300.8998,0.0,0.0,17.197013,0.027944
KMTA01,I,8300.91753,0.0,0.0,17.2408,0.034383
KMTA01,I,8300.93452,0.0,0.0,17.199463,0.028837
KMTA01,I,8300.95117,0.0,0.0,17.155151,0.042318
KMTA01,I,8300.97118,0.0,0.0,17.185448,0.028745
KMTA01,I,8300.99904,0.0,0.0,17.241682,0.024446
KMTA01,I,8301.01608,0.0,0.0,17.185448,0.023381
KMTA01,I,8301.03314,0.0,0.0,17.205048,0.025357
KMTA01,I,8301.05082,0.0,0.0,17.165644,0.022299
KMTA01,I,8301.06802,0.0,0.0,17.189565,0.022884
KMTA01,I,8301.09842,0.0,0.0,17.222095,0.030018
KMTA01,I,8301.11507,0.0,0.0,17.225131,0.036683
KMTA01,I,8301.13212,0.0,0.0,17.200933,0.064036
KMTA01,I,8301.14887,0.0,0.0,17.221801,0.041169
KMTA01,I,8301.16609,0.0,0.0,17.608644,0.342119
KMTA01,I,8301.18542,0.0,0.0,17.167017,0.038518
KMTA01,I,8301.21514,0.0,0.0,17.261848,0.097382
KMTA01,I,8302.10937,0.0,0.0,17.180743,0.031036
KMTA01,I,8302.12886,0.0,0.0,17.199071,0.02526
KMTA01,I,8302.14544,0.0,0.0,17.165056,0.02806
KMTA01,I,8302.16247,0.0,0.0,17.200737,0.026948
KMTA01,I,8302.19,0.0,0.0,17.162997,0.030549
KMTA01,I,8302.20708,0.0,0.0,17.237373,0.038666
KMTA01,I,8302.22286,0.0,0.0,17.195347,0.03282
KMTA01,I,8302.2371,0.0,0.0,17.23042,0.031703
KMTA01,I,8302.87766,0.0,0.0,17.209556,0.02605
KMTA01,I,8302.89722,0.0,0.0,17.199267,0.034809
KMTA01,I,8302.91938,0.0,0.0,17.182998,0.025367
KMTA01,I,8302.94889,0.0,0.0,17.203873,0.028039
KMTA01,I,8302.96579,0.0,0.0,17.181037,0.024276
KMTA01,I,8302.98257,0.0,0.0,17.205146,0.021985
KMTA01,I,8302.99905,0.0,0.0,17.205538,0.02149
KMTA01,I,8303.01624,0.0,0.0,17.157211,0.019826
KMTA01,I,8303.04611,0.0,0.0,17.202599,0.019118
KMTA01,I,8303.06269,0.0,0.0,17.168782,0.021207
KMTA01,I,8303.0795,0.0,0.0,17.197013,0.020009
KMTA01,I,8303.097,0.0,0.0,17.202403,0.01892
KMTA01,I,8303.11392,0.0,0.0,17.192113,0.019714
KMTA01,I,8303.13082,0.0,0.0,17.247263,0.024245
KMTA01,I,8303.17917,0.0,0.0,17.170547,0.037718
KMTA01,I,8303.19626,0.0,0.0,17.175155,0.028452
KMTA01,I,8303.2137,0.0,0.0,17.204951,0.028039
KMTA01,I,8303.22932,0.0,0.0,17.18535,0.022092
KMTA01,I,8303.24341,0.0,0.0,17.138869,0.045125
KMTA01,I,8303.88206,0.0,0.0,17.188389,0.022686
KMTA01,I,8303.89878,0.0,0.0,17.210535,0.018227
KMTA01,I,8303.91544,0.0,0.0,17.192407,0.017345
KMTA01,I,8303.93703,0.0,0.0,17.201521,0.014201
KMTA01,I,8303.95446,0.0,0.0,17.170743,0.01372
KMTA01,I,8303.98485,0.0,0.0,17.193779,0.016853
KMTA01,I,8304.00178,0.0,0.0,17.171037,0.016269
KMTA01,I,8304.01848,0.0,0.0,17.194759,0.017345
KMTA01,I,8304.05191,0.0,0.0,17.193093,0.025164
KMTA01,I,8304.07906,0.0,0.0,17.170939,0.030146
KMTA01,I,8304.10855,0.0,0.0,17.188683,0.027849
KMTA01,I,8304.12553,0.0,0.0,17.173194,0.03373
KMTA01,I,8304.14296,0.0,0.0,17.186428,0.027353
KMTA01,I,8304.17674,0.0,0.0,17.007361,0.146548
KMTA01,I,8304.21351,0.0,0.0,17.181723,0.033326
KMTA01,I,8304.22716,0.0,0.0,17.238352,0.027524
KMTA01,I,8305.87138,0.0,0.0,17.257541,0.033576
KMTA01,I,8305.90514,0.0,0.0,17.233358,0.03021
KMTA01,I,8305.92359,0.0,0.0,17.235415,0.029016
KMTA01,I,8305.94655,0.0,0.0,17.195641,0.026255
KMTA01,I,8305.9634,0.0,0.0,17.239234,0.034682
KMTA01,I,8305.99101,0.0,0.0,17.204951,0.023571
KMTA01,I,8306.00816,0.0,0.0,17.236198,0.031401
KMTA01,I,8306.02575,0.0,0.0,17.229539,0.038772
KMTA01,I,8306.04554,0.0,0.0,17.200051,0.026849
KMTA01,I,8306.06635,0.0,0.0,17.194073,0.028939
KMTA01,I,8306.09528,0.0,0.0,17.170351,0.028952
KMTA01,I,8306.11265,0.0,0.0,17.128469,0.041938
KMTA01,I,8306.12984,0.0,0.0,17.240898,0.047432
KMTA01,I,8306.14681,0.0,0.0,17.185742,0.027651
KMTA01,I,8306.16527,0.0,0.0,17.178292,0.027556
KMTA01,I,8306.18195,0.0,0.0,17.174861,0.025272
KMTA01,I,8306.20977,0.0,0.0,17.17937,0.031137
KMTA01,I,8306.22762,0.0,0.0,17.227188,0.03081
KMTA01,I,8306.23076,0.0,0.0,17.233554,0.029613
KMTA01,I,8306.87955,0.0,0.0,17.158878,0.085076
KMTA01,I,8306.89598,0.0,0.0,17.255486,0.087814
KMTA01,I,8306.91267,0.0,0.0,17.223074,0.039374
KMTA01,I,8306.92974,0.0,0.0,17.326404,0.066067
KMTA01,I,8306.95784,0.0,0.0,17.262533,0.035562
KMTA01,I,8306.9754,0.0,0.0,17.196327,0.020702
KMTA01,I,8306.9923,0.0,0.0,17.166723,0.019427
KMTA01,I,8307.00961,0.0,0.0,17.211613,0.025354
KMTA01,I,8307.02808,0.0,0.0,17.140733,0.029366
KMTA01,I,8307.05908,0.0,0.0,17.28817,0.304842
KMTA01,I,8307.09653,0.0,0.0,17.231204,0.034389
KMTA01,I,8308.87065,0.0,0.0,17.258814,0.036261
KMTA01,I,8308.88802,0.0,0.0,17.253528,0.02345
KMTA01,I,8308.90465,0.0,0.0,17.190153,0.019122
KMTA01,I,8308.92155,0.0,0.0,17.1729,0.021404
KMTA01,I,8308.93863,0.0,0.0,17.181429,0.030936
KMTA01,I,8308.95756,0.0,0.0,17.133963,0.041835
KMTA01,I,8308.98485,0.0,0.0,17.180645,0.038508
KMTA01,I,8309.00196,0.0,0.0,17.236786,0.041057
KMTA01,I,8309.07767,0.0,0.0,17.189369,0.018629
KMTA01,I,8309.09466,0.0,0.0,17.189663,0.019913
KMTA01,I,8309.11189,0.0,0.0,17.199953,0.016359
KMTA01,I,8309.13931,0.0,0.0,17.198287,0.029335
KMTA01,I,8309.16147,0.0,0.0,17.195445,0.022385
KMTA01,I,8309.17821,0.0,0.0,17.22092,0.023663
KMTA01,I,8309.19546,0.0,0.0,17.209654,0.022974
KMTA01,I,8309.20701,0.0,0.0,17.174861,0.03602
KMTA01,I,8309.22597,0.0,0.0,17.189075,0.029141
KMTA01,I,8309.87231,0.0,0.0,17.191329,0.018628
KMTA01,I,8309.88906,0.0,0.0,17.21612,0.019508
KMTA01,I,8309.91654,0.0,0.0,17.207498,0.015767
KMTA01,I,8309.93348,0.0,0.0,17.201815,0.016752
KMTA01,I,8309.95068,0.0,0.0,17.199169,0.017048
KMTA01,I,8309.96735,0.0,0.0,17.193779,0.014594
KMTA01,I,8309.98387,0.0,0.0,17.21896,0.014587
KMTA01,I,8310.01309,0.0,0.0,17.197013,0.013128
KMTA01,I,8310.03018,0.0,0.0,17.204657,0.0142
KMTA01,I,8310.05027,0.0,0.0,17.201717,0.012543
KMTA01,I,8310.0684,0.0,0.0,17.206518,0.014004
KMTA01,I,8310.10972,0.0,0.0,17.221409,0.017237
KMTA01,I,8310.14062,0.0,0.0,17.203285,0.016358
KMTA01,I,8310.15844,0.0,0.0,17.197111,0.016163
KMTA01,I,8310.17491,0.0,0.0,17.206812,0.015375
KMTA01,I,8310.19232,0.0,0.0,17.199267,0.014397
KMTA01,I,8310.19982,0.0,0.0,17.226307,0.015958
KMTA01,I,8310.21388,0.0,0.0,17.181723,0.015284
KMTA01,I,8310.86616,0.0,0.0,17.187114,0.024472
KMTA01,I,8310.88329,0.0,0.0,17.176037,0.024179
KMTA01,I,8310.91085,0.0,0.0,17.196425,0.0209
KMTA01,I,8310.92767,0.0,0.0,17.225425,0.021086
KMTA01,I,8310.94591,0.0,0.0,17.210241,0.020894
KMTA01,I,8310.9632,0.0,0.0,17.191721,0.018628
KMTA01,I,8310.98119,0.0,0.0,17.197895,0.018231
KMTA01,I,8311.01247,0.0,0.0,17.196817,0.01636
KMTA01,I,8311.0292,0.0,0.0,17.198777,0.014985
KMTA01,I,8311.04583,0.0,0.0,17.205538,0.014297
KMTA01,I,8311.06296,0.0,0.0,17.191917,0.013519
KMTA01,I,8311.08013,0.0,0.0,17.201423,0.013517
KMTA01,I,8311.11148,0.0,0.0,17.2074,0.015473
KMTA01,I,8311.12818,0.0,0.0,17.181919,0.014891
KMTA01,I,8311.14694,0.0,0.0,17.215826,0.016354
KMTA01,I,8311.16394,0.0,0.0,17.192113,0.01587
KMTA01,I,8311.18062,0.0,0.0,17.206714,0.015473
KMTA01,I,8311.19763,0.0,0.0,17.189761,0.016854
KMTA01,I,8311.21286,0.0,0.0,17.176429,0.017548
KMTA01,I,8311.86844,0.0,0.0,17.163487,0.034533
KMTA01,I,8311.89571,0.0,0.0,17.182703,0.033325
KMTA01,I,8311.91275,0.0,0.0,17.200639,0.027147
KMTA01,I,8311.93064,0.0,0.0,17.20544,0.028039
KMTA01,I,8311.96521,0.0,0.0,17.197503,0.026353
KMTA01,I,8311.99501,0.0,0.0,17.215238,0.020793
KMTA01,I,8312.0115,0.0,0.0,17.235219,0.020489
KMTA01,I,8312.0281,0.0,0.0,17.217981,0.021881
KMTA01,I,8312.04692,0.0,0.0,17.217981,0.020001
KMTA01,I,8312.06407,0.0,0.0,17.182605,0.019817
KMTA01,I,8312.09507,0.0,0.0,17.182703,0.02041
KMTA01,I,8312.11226,0.0,0.0,17.182507,0.019224
KMTA01,I,8312.13405,0.0,0.0,17.235121,0.024152
KMTA01,I,8312.15098,0.0,0.0,17.207792,0.025157
KMTA01,I,8312.16811,0.0,0.0,17.213083,0.022675
KMTA01,I,8312.19148,0.0,0.0,17.212985,0.023964
KMTA01,I,8312.20613,0.0,0.0,17.233358,0.022765
KMTA01,I,8312.88778,0.0,0.0,17.243738,0.025635
KMTA01,I,8312.91583,0.0,0.0,17.255486,0.027813
KMTA01,I,8312.93272,0.0,0.0,17.240115,0.022663
KMTA01,I,8312.94967,0.0,0.0,17.199855,0.025061
KMTA01,I,8312.96692,0.0,0.0,17.202893,0.019414
KMTA01,I,8312.98378,0.0,0.0,17.204363,0.017539
KMTA01,I,8313.01109,0.0,0.0,17.212103,0.017536
KMTA01,I,8313.02887,0.0,0.0,17.238352,0.020685
KMTA01,I,8313.04648,0.0,0.0,17.200835,0.020601
KMTA01,I,8313.06344,0.0,0.0,17.200541,0.033812
KMTA01,I,8313.08077,0.0,0.0,17.199169,0.021492
KMTA01,I,8313.10823,0.0,0.0,17.222585,0.020098
KMTA01,I,8313.12545,0.0,0.0,17.223956,0.023562
KMTA01,I,8313.14273,0.0,0.0,17.200639,0.022086
KMTA01,I,8313.15932,0.0,0.0,17.202109,0.021491
KMTA01,I,8313.17592,0.0,0.0,17.190447,0.027053
KMTA01,I,8313.18484,0.0,0.0,17.18633,0.025564
KMTA01,I,8313.19896,0.0,0.0,17.137789,0.031061
KMTA01,I,8313.87065,0.0,0.0,17.222487,0.020889
KMTA01,I,8313.89831,0.0,0.0,17.181037,0.018237
KMTA01,I,8313.91579,0.0,0.0,17.217295,0.021089
KMTA01,I,8313.93358,0.0,0.0,17.215532,0.016354
KMTA01,I,8313.95195,0.0,0.0,17.202011,0.017047
KMTA01,I,8313.96939,0.0,0.0,17.209752,0.015276
KMTA01,I,8313.98657,0.0,0.0,17.197699,0.017245
KMTA01,I,8314.03371,0.0,0.0,17.209849,0.013417
KMTA01,I,8314.05061,0.0,0.0,17.217295,0.01361
KMTA01,I,8314.06775,0.0,0.0,17.235904,0.017823
KMTA01,I,8314.08531,0.0,0.0,17.2408,0.022564
KMTA01,I,8314.11302,0.0,0.0,17.202991,0.032118
KMTA01,I,8314.12996,0.0,0.0,17.207694,0.027739
KMTA01,I,8314.14719,0.0,0.0,17.235806,0.015366
KMTA01,I,8314.16427,0.0,0.0,17.225131,0.014586
KMTA01,I,8314.18169,0.0,0.0,17.213279,0.012832
KMTA01,I,8314.20518,0.0,0.0,17.17741,0.015579
KMTA01,I,8314.21709,0.0,0.0,17.204657,0.017736
KMTA01,I,8314.87244,0.0,0.0,17.303917,0.045281
KMTA01,I,8314.88941,0.0,0.0,17.254213,0.045426
KMTA01,I,8314.9064,0.0,0.0,17.223662,0.025645
KMTA01,I,8314.92404,0.0,0.0,17.221899,0.02287
KMTA01,I,8314.94149,0.0,0.0,17.203971,0.022085
KMTA01,I,8314.96932,0.0,0.0,17.197307,0.020998
KMTA01,I,8314.98628,0.0,0.0,17.185938,0.018235
KMTA01,I,8315.00365,0.0,0.0,17.226503,0.018517
KMTA01,I,8315.02137,0.0,0.0,17.181429,0.015382
KMTA01,I,8315.0382,0.0,0.0,17.207106,0.01616
KMTA01,I,8315.05519,0.0,0.0,17.204951,0.016948
KMTA01,I,8315.08268,0.0,0.0,17.214944,0.018324
KMTA01,I,8315.09962,0.0,0.0,17.180351,0.017448
KMTA01,I,8315.11705,0.0,0.0,17.221801,0.017434
KMTA01,I,8315.13949,0.0,0.0,17.202893,0.021293
KMTA01,I,8315.15638,0.0,0.0,17.215336,0.022377
KMTA01,I,8315.18558,0.0,0.0,17.194367,0.020702
KMTA01,I,8315.18872,0.0,0.0,17.227188,0.022174
KMTA01,I,8315.20287,0.0,0.0,17.216315,0.02198
KMTA01,I,8315.85932,0.0,0.0,17.279463,0.033461
KMTA01,I,8315.87617,0.0,0.0,17.276527,0.024925
KMTA01,I,8315.89594,0.0,0.0,17.24785,0.023155
KMTA01,I,8315.91329,0.0,0.0,17.209654,0.022379
KMTA01,I,8315.92977,0.0,0.0,17.223466,0.021186
KMTA01,I,8315.95698,0.0,0.0,17.240311,0.02197
KMTA01,I,8315.97641,0.0,0.0,17.208478,0.018523
KMTA01,I,8315.99318,0.0,0.0,17.199659,0.01754
KMTA01,I,8316.00973,0.0,0.0,17.209947,0.016159
KMTA01,I,8316.02829,0.0,0.0,17.204853,0.014885
KMTA01,I,8316.0576,0.0,0.0,17.196229,0.015083
KMTA01,I,8316.07478,0.0,0.0,17.20544,0.015081
KMTA01,I,8316.09138,0.0,0.0,17.215238,0.016354
KMTA01,I,8316.10837,0.0,0.0,17.199855,0.016162
KMTA01,I,8316.12502,0.0,0.0,17.188879,0.016657
KMTA01,I,8316.14282,0.0,0.0,17.221213,0.017927
KMTA01,I,8316.17775,0.0,0.0,17.183782,0.016167
KMTA01,I,8316.18829,0.0,0.0,17.198091,0.014789
KMTA01,I,8316.2056,0.0,0.0,17.225327,0.017827
KMTA01,I,8316.85795,0.0,0.0,17.199463,0.020404
KMTA01,I,8316.87509,0.0,0.0,17.241975,0.024843
KMTA01,I,8316.89345,0.0,0.0,17.235317,0.020093
KMTA01,I,8316.91064,0.0,0.0,17.220136,0.017632
KMTA01,I,8316.92785,0.0,0.0,17.215826,0.020298
KMTA01,I,8316.95703,0.0,0.0,17.231106,0.015073
KMTA01,I,8316.97403,0.0,0.0,17.217981,0.014685
KMTA01,I,8317.00907,0.0,0.0,17.217981,0.014196
KMTA01,I,8317.06155,0.0,0.0,17.196425,0.013909
KMTA01,I,8317.07861,0.0,0.0,17.207106,0.017144
KMTA01,I,8317.09587,0.0,0.0,17.209654,0.014394
KMTA01,I,8317.11306,0.0,0.0,17.205832,0.014591
KMTA01,I,8317.13029,0.0,0.0,17.208478,0.015178
KMTA01,I,8317.15903,0.0,0.0,17.194955,0.018331
KMTA01,I,8317.17634,0.0,0.0,17.187016,0.020309
KMTA01,I,8317.18654,0.0,0.0,17.214454,0.019805
KMTA01,I,8317.206,0.0,0.0,17.215336,0.020496
KMTA01,I,8317.86898,0.0,0.0,17.229735,0.02594
KMTA01,I,8317.88574,0.0,0.0,17.20887,0.020005
KMTA01,I,8317.9026,0.0,0.0,17.18633,0.022389
KMTA01,I,8317.91953,0.0,0.0,17.201619,0.017047
KMTA01,I,8317.94794,0.0,0.0,17.232379,0.01625
KMTA01,I,8317.96428,0.0,0.0,17.214062,0.016453
KMTA01,I,8317.98168,0.0,0.0,17.194563,0.01479
KMTA01,I,8317.99842,0.0,0.0,17.212201,0.015373
KMTA01,I,8318.01567,0.0,0.0,17.221899,0.01488
KMTA01,I,8318.04315,0.0,0.0,17.196817,0.012836
KMTA01,I,8318.0605,0.0,0.0,17.202599,0.01518
KMTA01,I,8318.078,0.0,0.0,17.196719,0.013031
KMTA01,I,8318.09489,0.0,0.0,17.190153,0.014106
KMTA01,I,8318.14063,0.0,0.0,17.198973,0.013225
KMTA01,I,8318.15762,0.0,0.0,17.212985,0.014589
KMTA01,I,8318.17423,0.0,0.0,17.218275,0.01596
KMTA01,I,8318.18763,0.0,0.0,17.187212,0.016855
KMTA01,I,8318.20259,0.0,0.0,17.222193,0.01773
KMTA01,I,8318.86306,0.0,0.0,17.201521,0.01981
KMTA01,I,8318.87998,0.0,0.0,17.218275,0.022772
KMTA01,I,8318.89709,0.0,0.0,17.197405,0.0208
KMTA01,I,8318.92487,0.0,0.0,17.201619,0.020007
KMTA01,I,8318.96185,0.0,0.0,17.236884,0.021774
KMTA01,I,8318.97914,0.0,0.0,17.199757,0.018132
KMTA01,I,8318.99574,0.0,0.0,17.224642,0.016449
KMTA01,I,8319.01205,0.0,0.0,17.208282,0.016258
KMTA01,I,8319.06167,0.0,0.0,17.187408,0.014204
KMTA01,I,8319.07866,0.0,0.0,17.224054,0.018025
KMTA01,I,8319.09538,0.0,0.0,17.197797,0.015377
KMTA01,I,8319.12861,0.0,0.0,17.258912,0.017717
KMTA01,I,8319.17578,0.0,0.0,17.21945,0.090272
KMTA01,I,8319.85779,0.0,0.0,17.202109,0.129368
KMTA01,I,8319.87537,0.0,0.0,17.235219,0.054218
KMTA01,I,8319.89312,0.0,0.0,17.188193,0.035015
KMTA01,I,8319.91179,0.0,0.0,17.235709,0.035979
KMTA01,I,8319.94002,0.0,0.0,17.263218,0.032776
KMTA01,I,8319.96262,0.0,0.0,17.258227,0.034968
KMTA01,I,8319.98023,0.0,0.0,17.225621,0.027928
KMTA01,I,8319.99817,0.0,0.0,17.273885,0.030086
KMTA01,I,8320.01527,0.0,0.0,17.2868,0.028986
KMTA01,I,8320.03273,0.0,0.0,17.222683,0.025547
KMTA01,I,8320.06201,0.0,0.0,17.235219,0.02842
KMTA01,I,8320.07876,0.0,0.0,17.247556,0.027221
KMTA01,I,8320.09592,0.0,0.0,17.212005,0.029129
KMTA01,I,8320.1264,0.0,0.0,17.174567,0.034526
KMTA01,I,8320.14547,0.0,0.0,17.210045,0.029328
KMTA01,I,8320.17423,0.0,0.0,17.229931,0.029317
KMTA01,I,8320.18818,0.0,0.0,17.235806,0.025143
KMTA01,I,8320.86971,0.0,0.0,17.199659,0.036502
KMTA01,I,8320.88661,0.0,0.0,17.242955,0.032889
KMTA01,I,8320.91126,0.0,0.0,17.204363,0.028039
KMTA01,I,8320.92855,0.0,0.0,17.255779,0.026621
KMTA01,I,8320.94537,0.0,0.0,17.223172,0.024753
KMTA01,I,8320.97353,0.0,0.0,17.20691,0.029131
KMTA01,I,8320.99044,0.0,0.0,17.235611,0.026831
KMTA01,I,8321.00738,0.0,0.0,17.192897,0.056657
KMTA01,I,8321.02884,0.0,0.0,17.32005,0.151893
KMTA01,I,8321.07539,0.0,0.0,17.217099,0.027039
KMTA01,I,8321.09212,0.0,0.0,17.259303,0.070248
KMTA01,I,8321.10934,0.0,0.0,17.430677,0.10846
KMTA01,I,8321.12611,0.0,0.0,17.395848,0.193843
KMTA01,I,8321.16042,0.0,0.0,17.221507,0.04097
KMTA01,I,8321.19875,0.0,0.0,17.334125,0.262385
KMTA01,I,8321.87023,0.0,0.0,17.232575,0.051228
KMTA01,I,8321.88733,0.0,0.0,17.232673,0.029713
KMTA01,I,8321.90488,0.0,0.0,17.244423,0.031794
KMTA01,I,8321.92202,0.0,0.0,17.166919,0.027661
KMTA01,I,8321.95098,0.0,0.0,17.245696,0.025535
KMTA01,I,8321.96956,0.0,0.0,17.242465,0.029211
KMTA01,I,8321.98712,0.0,0.0,17.238842,0.021575
KMTA01,I,8322.00451,0.0,0.0,17.26361,0.030291
KMTA01,I,8322.02187,0.0,0.0,17.217589,0.022772
KMTA01,I,8322.05482,0.0,0.0,17.230126,0.020589
KMTA01,I,8322.07179,0.0,0.0,17.237961,0.021971
KMTA01,I,8322.0888,0.0,0.0,17.194269,0.021395
KMTA01,I,8322.10596,0.0,0.0,17.207988,0.021885
KMTA01,I,8322.12343,0.0,0.0,17.222683,0.024257
KMTA01,I,8322.171,0.0,0.0,17.209947,0.025057
KMTA01,I,8322.18487,0.0,0.0,17.204951,0.022084
KMTA01,I,8322.87482,0.0,0.0,17.227384,0.035089
KMTA01,I,8322.89199,0.0,0.0,17.208478,0.033906
KMTA01,I,8322.90949,0.0,0.0,17.210731,0.028732
KMTA01,I,8322.92682,0.0,0.0,17.202893,0.027146
KMTA01,I,8322.94372,0.0,0.0,17.186526,0.028247
KMTA01,I,8322.97136,0.0,0.0,17.218177,0.023763
KMTA01,I,8322.98868,0.0,0.0,17.212201,0.025949
KMTA01,I,8323.00585,0.0,0.0,17.200835,0.031423
KMTA01,I,8323.02279,0.0,0.0,17.228168,0.026537
KMTA01,I,8323.03944,0.0,0.0,17.101283,0.096571
KMTA01,I,8323.12199,0.0,0.0,17.343506,0.138564
KMTA01,I,8323.13885,0.0,0.0,17.401509,0.193321
KMTA01,I,8323.89232,0.0,0.0,17.270363,0.049397
KMTA01,I,8323.90946,0.0,0.0,17.21563,0.039778
KMTA01,I,8323.92663,0.0,0.0,17.202403,0.036002
KMTA01,I,8323.94382,0.0,0.0,17.245598,0.040652
KMTA01,I,8323.96078,0.0,0.0,17.160349,0.032542
KMTA01,I,8324.00129,0.0,0.0,17.211711,0.037191
KMTA01,I,8324.01861,0.0,0.0,17.165154,0.038619
KMTA01,I,8324.03565,0.0,0.0,17.217785,0.037784
KMTA01,I,8324.05306,0.0,0.0,17.183292,0.033624
KMTA01,I,8324.07035,0.0,0.0,17.187506,0.035813
KMTA01,I,8324.08757,0.0,0.0,17.183684,0.034819
KMTA01,I,8324.11769,0.0,0.0,17.16888,0.033931
KMTA01,I,8324.13515,0.0,0.0,17.283474,0.045997
KMTA01,I,8324.17344,0.0,0.0,17.199071,0.034908
KMTA01,I,8324.87924,0.0,0.0,17.24129,0.041352
KMTA01,I,8324.90607,0.0,0.0,17.224348,0.03519
KMTA01,I,8324.92299,0.0,0.0,17.272809,0.038141
KMTA01,I,8324.94543,0.0,0.0,17.235023,0.033989
KMTA01,I,8324.96403,0.0,0.0,17.212495,0.032908
KMTA01,I,8324.9889,0.0,0.0,17.211907,0.032312
KMTA01,I,8325.02101,0.0,0.0,17.224642,0.030414
KMTA01,I,8325.03797,0.0,0.0,17.199659,0.031722
KMTA01,I,8325.06016,0.0,0.0,17.181331,0.025567
KMTA01,I,8325.08518,0.0,0.0,17.220724,0.027931
KMTA01,I,8325.10255,0.0,0.0,17.200247,0.02834
KMTA01,I,8325.12994,0.0,0.0,17.195347,0.033317
KMTA01,I,8325.15762,0.0,0.0,17.21994,0.033899
KMTA01,I,8325.16618,0.0,0.0,17.235513,0.033192
KMTA01,I,8325.18011,0.0,0.0,17.164566,0.036226
KMTA01,I,8325.92802,0.0,0.0,17.200737,0.03431
KMTA01,I,8325.96244,0.0,0.0,17.123072,0.045438
KMTA01,I,8325.98055,0.0,0.0,17.228168,0.025246
KMTA01,I,8325.99897,0.0,0.0,17.197013,0.020504
KMTA01,I,8326.03226,0.0,0.0,17.242661,0.021672
KMTA01,I,8326.04898,0.0,0.0,17.235219,0.022864
KMTA01,I,8326.86984,0.0,0.0,17.334223,0.113976
KMTA01,I,8326.89113,0.0,0.0,17.188487,0.02467
KMTA01,I,8326.91039,0.0,0.0,17.224935,0.022571
KMTA01,I,8327.02004,0.0,0.0,17.163683,0.026271
KMTA01,I,8328.872,0.0,0.0,17.216805,0.02694
KMTA01,I,8328.89302,0.0,0.0,17.23659,0.026334
KMTA01,I,8328.91218,0.0,0.0,17.237569,0.026532
KMTA01,I,8329.06243,0.0,0.0,17.261946,0.034766
KMTA01,I,8329.07949,0.0,0.0,17.169468,0.034728
KMTA01,I,8329.0984,0.0,0.0,17.107663,0.054345
KMTA01,I,8329.13328,0.0,0.0,17.142793,0.049516
KMTA01,I,8329.15415,0.0,0.0,16.9753,0.088646
KMTA01,I,8329.16824,0.0,0.0,17.054831,0.060999
KMTA01,I,8329.88082,0.0,0.0,17.203481,0.02794
KMTA01,I,8329.90945,0.0,0.0,17.256269,0.026423
KMTA01,I,8329.93066,0.0,0.0,17.252941,0.029205
KMTA01,I,8329.95004,0.0,0.0,17.215238,0.02436
KMTA01,I,8329.96743,0.0,0.0,17.247752,0.026626
KMTA01,I,8329.98644,0.0,0.0,17.231791,0.023757
KMTA01,I,8330.01728,0.0,0.0,17.191133,0.032324
KMTA01,I,8330.03586,0.0,0.0,17.183978,0.027652
KMTA01,I,8330.05256,0.0,0.0,17.147599,0.04432
KMTA01,I,8330.07491,0.0,0.0,17.238646,0.02961
KMTA01,I,8330.092,0.0,0.0,17.236492,0.023854
KMTA01,I,8330.11926,0.0,0.0,17.21994,0.026044
KMTA01,I,8330.1364,0.0,0.0,17.252451,0.030199
KMTA01,I,8330.15334,0.0,0.0,17.179861,0.026362
KMTA01,I,8330.16224,0.0,0.0,17.199953,0.036502
KMTA01,I,8330.87053,0.0,0.0,17.2455,0.026925
KMTA01,I,8330.88776,0.0,0.0,17.263806,0.036357
KMTA01,I,8330.90734,0.0,0.0,17.243738,0.022464
KMTA01,I,8330.93917,0.0,0.0,17.212985,0.041475
KMTA01,I,8330.95622,0.0,0.0,17.219254,0.024556
KMTA01,I,8330.97897,0.0,0.0,17.236786,0.067185
KMTA01,I,8331.00034,0.0,0.0,17.235023,0.036079
KMTA01,I,8331.01784,0.0,0.0,17.198777,0.01991
KMTA01,I,8331.03763,0.0,0.0,17.1878,0.048278
KMTA01,I,8331.06576,0.0,0.0,17.208282,0.020796
KMTA01,I,8331.08333,0.0,0.0,17.150444,0.054104
KMTA01,I,8331.10018,0.0,0.0,17.24971,0.020285
KMTA01,I,8331.11685,0.0,0.0,17.15623,0.03374
KMTA01,I,8331.13448,0.0,0.0,17.201031,0.018328
KMTA01,I,8331.15045,0.0,0.0,17.242367,0.020683
KMTA01,I,8331.16448,0.0,0.0,17.109626,0.069243
KMTA01,I,8331.89504,0.0,0.0,17.229931,0.024353
KMTA01,I,8331.91424,0.0,0.0,17.222291,0.021978
KMTA01,I,8331.93144,0.0,0.0,17.225915,0.018616
KMTA01,I,8331.94825,0.0,0.0,17.205146,0.019808
KMTA01,I,8331.96573,0.0,0.0,17.187702,0.016166
KMTA01,I,8331.99674,0.0,0.0,17.197405,0.018231
KMTA01,I,8332.01415,0.0,0.0,17.233554,0.0196
KMTA01,I,8332.0322,0.0,0.0,17.244815,0.018806
KMTA01,I,8332.05188,0.0,0.0,17.222879,0.018617
KMTA01,I,8332.06895,0.0,0.0,17.211907,0.019114
KMTA01,I,8332.09737,0.0,0.0,17.246186,0.020484
KMTA01,I,8332.11453,0.0,0.0,17.184664,0.017939
KMTA01,I,8332.13697,0.0,0.0,17.207498,0.01882
KMTA01,I,8332.14861,0.0,0.0,17.221017,0.02089
KMTA01,I,8332.16286,0.0,0.0,17.230518,0.019897
KMTA01,I,8332.87826,0.0,0.0,17.198483,0.017836
KMTA01,I,8332.89575,0.0,0.0,17.214454,0.016944
KMTA01,I,8332.91314,0.0,0.0,17.213376,0.015177
KMTA01,I,8332.94386,0.0,0.0,17.235415,0.030308
KMTA01,I,8332.96092,0.0,0.0,17.136808,0.044228
KMTA01,I,8332.98135,0.0,0.0,17.211907,0.016159
KMTA01,I,8333.00813,0.0,0.0,17.231302,0.01312
KMTA01,I,8333.02744,0.0,0.0,17.208576,0.013418
KMTA01,I,8333.05487,0.0,0.0,17.208576,0.013613
KMTA01,I,8333.08046,0.0,0.0,17.228559,0.0139
KMTA01,I,8333.09818,0.0,0.0,17.241094,0.01507
KMTA01,I,8333.12013,0.0,0.0,17.239723,0.015267
KMTA01,I,8333.14163,0.0,0.0,17.209556,0.0204
KMTA01,I,8333.14435,0.0,0.0,17.193681,0.016262
KMTA01,I,8333.15866,0.0,0.0,17.206518,0.019314
KMTA01,I,8334.87831,0.0,0.0,17.240213,0.026431
KMTA01,I,8334.90728,0.0,0.0,17.211025,0.022775
KMTA01,I,8334.92463,0.0,0.0,17.235709,0.025143
KMTA01,I,8334.94168,0.0,0.0,17.2408,0.022465
KMTA01,I,8334.96059,0.0,0.0,17.237667,0.019105
KMTA01,I,8334.98243,0.0,0.0,17.211809,0.019608
KMTA01,I,8335.01043,0.0,0.0,17.224152,0.018123
KMTA01,I,8335.0317,0.0,0.0,17.201325,0.018032
KMTA01,I,8335.04854,0.0,0.0,17.216511,0.018816
KMTA01,I,8335.07021,0.0,0.0,17.201815,0.019118
KMTA01,I,8335.08793,0.0,0.0,17.226796,0.020195
KMTA01,I,8335.10485,0.0,0.0,17.219058,0.02188
KMTA01,I,8335.13287,0.0,0.0,17.20593,0.020105
KMTA01,I,8335.13587,0.0,0.0,17.208968,0.019807
KMTA01,I,8335.15012,0.0,0.0,17.198385,0.021196
KMTA01,I,8335.87217,0.0,0.0,17.224935,0.016646
KMTA01,I,8335.88922,0.0,0.0,17.230518,0.017136
KMTA01,I,8335.90605,0.0,0.0,17.219744,0.015077
KMTA01,I,8335.92494,0.0,0.0,17.221899,0.015468
KMTA01,I,8335.94987,0.0,0.0,17.219646,0.014489
KMTA01,I,8335.98869,0.0,0.0,17.214356,0.012249
KMTA01,I,8336.00599,0.0,0.0,17.227874,0.014291
KMTA01,I,8336.02332,0.0,0.0,17.203775,0.015866
KMTA01,I,8336.04007,0.0,0.0,17.213866,0.015471
KMTA01,I,8336.05669,0.0,0.0,17.203383,0.015278
KMTA01,I,8336.89407,0.0,0.0,17.259793,0.024041
KMTA01,I,8336.91082,0.0,0.0,17.22758,0.021976
KMTA01,I,8336.92758,0.0,0.0,17.205342,0.023868
KMTA01,I,8336.94477,0.0,0.0,17.238842,0.021476
KMTA01,I,8336.96287,0.0,0.0,17.21994,0.020297
KMTA01,I,8336.99426,0.0,0.0,17.215924,0.022674
KMTA01,I,8337.02199,0.0,0.0,17.202599,0.023274
KMTA01,I,8337.0395,0.0,0.0,17.244717,0.02504
KMTA01,I,8337.0567,0.0,0.0,17.258618,0.026322
KMTA01,I,8337.07943,0.0,0.0,17.174175,0.022791
KMTA01,I,8337.09767,0.0,0.0,17.237275,0.029512
KMTA01,I,8337.12519,0.0,0.0,17.211613,0.03739
KMTA01,I,8337.13386,0.0,0.0,17.158976,0.041217
KMTA01,I,8337.14979,0.0,0.0,17.165056,0.036924
KMTA01,I,8337.87448,0.0,0.0,17.242857,0.024644
KMTA01,I,8337.89099,0.0,0.0,17.25529,0.022954
KMTA01,I,8337.90766,0.0,0.0,17.222487,0.024455
KMTA01,I,8337.92697,0.0,0.0,17.223074,0.02277
KMTA01,I,8337.94533,0.0,0.0,17.239821,0.021377
KMTA01,I,8337.97689,0.0,0.0,17.224838,0.016941
KMTA01,I,8337.99846,0.0,0.0,17.193877,0.016066
KMTA01,I,8338.01641,0.0,0.0,17.20642,0.015669
KMTA01,I,8338.04533,0.0,0.0,17.221213,0.013805
KMTA01,I,8338.06253,0.0,0.0,17.217687,0.017042
KMTA01,I,8338.09188,0.0,0.0,17.199365,0.016162
KMTA01,I,8338.10896,0.0,0.0,17.187506,0.016658
KMTA01,I,8338.1256,0.0,0.0,17.219254,0.016746
KMTA01,I,8338.12996,0.0,0.0,17.225915,0.018418
KMTA01,I,8338.14404,0.0,0.0,17.212887,0.019904
KMTA01,I,8338.87178,0.0,0.0,17.248339,0.025633
KMTA01,I,8338.89005,0.0,0.0,17.253136,0.028211
KMTA01,I,8338.90759,0.0,0.0,17.262435,0.02404
KMTA01,I,8338.92468,0.0,0.0,17.194759,0.022683
KMTA01,I,8338.95647,0.0,0.0,17.236884,0.019204
KMTA01,I,8338.97424,0.0,0.0,17.195641,0.019614
KMTA01,I,8338.99096,0.0,0.0,17.256563,0.018506
KMTA01,I,8339.01166,0.0,0.0,17.214454,0.01724
KMTA01,I,8339.02857,0.0,0.0,17.226699,0.016449
KMTA01,I,8339.05668,0.0,0.0,17.220332,0.035193
KMTA01,I,8339.07356,0.0,0.0,17.228951,0.05203
KMTA01,I,8339.09184,0.0,0.0,17.210143,0.11726
KMTA01,I,8339.11964,0.0,0.0,17.226209,0.019208
KMTA01,I,8339.12544,0.0,0.0,17.20838,0.024264
KMTA01,I,8339.14112,0.0,0.0,17.212397,0.022279
KMTA01,I,8339.87277,0.0,0.0,17.226796,0.017827
KMTA01,I,8339.89005,0.0,0.0,17.213866,0.018423
KMTA01,I,8339.91726,0.0,0.0,17.20936,0.017833
KMTA01,I,8339.94804,0.0,0.0,17.228951,0.018615
KMTA01,I,8339.96631,0.0,0.0,17.229245,0.01753
KMTA01,I,8339.98591,0.0,0.0,17.200051,0.015475
KMTA01,I,8340.00357,0.0,0.0,17.208968,0.017045
KMTA01,I,8340.02189,0.0,0.0,17.217491,0.016255
KMTA01,I,8340.05321,0.0,0.0,17.223956,0.014684
KMTA01,I,8340.07035,0.0,0.0,17.244423,0.01782
KMTA01,I,8340.08727,0.0,0.0,17.207792,0.015669
KMTA01,I,8340.10608,0.0,0.0,17.215924,0.020892
KMTA01,I,8340.12287,0.0,0.0,17.230322,0.020392
KMTA01,I,8340.13767,0.0,0.0,17.207498,0.019313
KMTA01,I,8340.88531,0.0,0.0,17.193681,0.014594
KMTA01,I,8340.90594,0.0,0.0,17.215336,0.013513
KMTA01,I,8340.91573,0.0,0.0,17.229735,0.014291
KMTA01,I,8340.93683,0.0,0.0,17.214846,0.012152
KMTA01,I,8340.95957,0.0,0.0,17.201129,0.012641
KMTA01,I,8340.97674,0.0,0.0,17.202893,0.017244
KMTA01,I,8340.99647,0.0,0.0,17.211515,0.015373
KMTA01,I,8341.01338,0.0,0.0,17.22474,0.013999
KMTA01,I,8341.04092,0.0,0.0,17.21896,0.014783
KMTA01,I,8341.05773,0.0,0.0,17.23042,0.018515
KMTA01,I,8341.07513,0.0,0.0,17.228559,0.015662
KMTA01,I,8341.09995,0.0,0.0,17.249025,0.023155
KMTA01,I,8341.11659,0.0,0.0,17.227188,0.022867
KMTA01,I,8341.12067,0.0,0.0,17.214748,0.022377
KMTA01,I,8341.13464,0.0,0.0,17.205734,0.023571
KMTA01,I,8342.04937,0.0,0.0,17.099123,0.058353
KMTA01,I,8342.08018,0.0,0.0,17.063083,0.052185
KMTA01,I,8342.11719,0.0,0.0,17.095883,0.060957
KMTA01,I,8342.11894,0.0,0.0,17.150051,0.0594
KMTA01,I,8342.1329,0.0,0.0,17.230518,0.039867
KMTA01,I,8342.87331,0.0,0.0,17.242955,0.038164
KMTA01,I,8342.89045,0.0,0.0,17.302254,0.031062
KMTA01,I,8342.90829,0.0,0.0,17.228364,0.022272
KMTA01,I,8342.9444,0.0,0.0,17.241975,0.02098
KMTA01,I,8342.96405,0.0,0.0,17.236884,0.02029
KMTA01,I,8342.98262,0.0,0.0,17.238059,0.019598
KMTA01,I,8342.99973,0.0,0.0,17.238059,0.024051
KMTA01,I,8343.01747,0.0,0.0,17.205538,0.019018
KMTA01,I,8343.03409,0.0,0.0,17.214258,0.020695
KMTA01,I,8343.0621,0.0,0.0,17.257639,0.018999
KMTA01,I,8343.07942,0.0,0.0,17.208478,0.019807
KMTA01,I,8343.09649,0.0,0.0,17.236688,0.021081
KMTA01,I,8343.11365,0.0,0.0,17.179174,0.023483
KMTA01,I,8343.11775,0.0,0.0,17.211613,0.021685
KMTA01,I,8343.13194,0.0,0.0,17.1679,0.028854
KMTA01,I,8343.87679,0.0,0.0,17.244521,0.025734
KMTA01,I,8343.89519,0.0,0.0,17.265078,0.028304
KMTA01,I,8343.92255,0.0,0.0,17.180743,0.02656
KMTA01,I,8343.94403,0.0,0.0,17.241975,0.019695
KMTA01,I,8343.96181,0.0,0.0,17.259695,0.056684
KMTA01,I,8343.97931,0.0,0.0,17.228853,0.024651
KMTA01,I,8343.99625,0.0,0.0,17.207498,0.03321
KMTA01,I,8344.88428,0.0,0.0,17.220234,0.017632
KMTA01,I,8344.91271,0.0,0.0,17.205342,0.01744
KMTA01,I,8344.93047,0.0,0.0,17.209654,0.013515
KMTA01,I,8344.94859,0.0,0.0,17.220332,0.012733
KMTA01,I,8344.96727,0.0,0.0,17.224544,0.012344
KMTA01,I,8344.98421,0.0,0.0,17.204951,0.012154
KMTA01,I,8345.01154,0.0,0.0,17.20789,0.01459
KMTA01,I,8345.03006,0.0,0.0,17.21563,0.01547
KMTA01,I,8345.04713,0.0,0.0,17.20936,0.012833
KMTA01,I,8345.0638,0.0,0.0,17.227678,0.015172
KMTA01,I,8345.08016,0.0,0.0,17.21465,0.017634
KMTA01,I,8345.09865,0.0,0.0,17.238548,0.017724
KMTA01,I,8345.10854,0.0,0.0,17.206028,0.019808
KMTA01,I,8345.12257,0.0,0.0,17.197405,0.031624
KMTA01,I,8345.89728,0.0,0.0,17.216413,0.015274
KMTA01,I,8345.91406,0.0,0.0,17.20593,0.014493
KMTA01,I,8345.93342,0.0,0.0,17.205734,0.015277
KMTA01,I,8345.95255,0.0,0.0,17.21945,0.013415
KMTA01,I,8345.96963,0.0,0.0,17.218667,0.012734
KMTA01,I,8345.99747,0.0,0.0,17.219156,0.014489
KMTA01,I,8346.01522,0.0,0.0,17.211907,0.01665
KMTA01,I,8346.03227,0.0,0.0,17.248242,0.015951
KMTA01,I,8346.05296,0.0,0.0,17.239136,0.015954
KMTA01,I,8346.07016,0.0,0.0,17.211711,0.019114
KMTA01,I,8346.09512,0.0,0.0,17.217197,0.019606
KMTA01,I,8346.10958,0.0,0.0,17.220626,0.01921
KMTA01,I,8346.12638,0.0,0.0,17.201815,0.023077
KMTA01,I,8346.88939,0.0,0.0,17.231693,0.024352
KMTA01,I,8346.90613,0.0,0.0,17.238548,0.021773
KMTA01,I,8346.92294,0.0,0.0,17.212495,0.022477
KMTA01,I,8346.94032,0.0,0.0,17.234142,0.023657
KMTA01,I,8346.95823,0.0,0.0,17.208576,0.020697
KMTA01,I,8346.98654,0.0,0.0,17.235415,0.022566
KMTA01,I,8347.01406,0.0,0.0,17.253136,0.02147
KMTA01,I,8347.05475,0.0,0.0,17.210633,0.026347
KMTA01,I,8347.07163,0.0,0.0,17.254409,0.028012
KMTA01,I,8347.0899,0.0,0.0,17.242955,0.031198
KMTA01,I,8347.10273,0.0,0.0,17.246381,0.031495
KMTA01,I,8347.90341,0.0,0.0,17.254898,0.023845
KMTA01,I,8347.92003,0.0,0.0,17.255975,0.025431
KMTA01,I,8347.93684,0.0,0.0,17.214356,0.024856
KMTA01,I,8347.9537,0.0,0.0,17.202991,0.021293
KMTA01,I,8347.98136,0.0,0.0,17.211907,0.017241
KMTA01,I,8348.00869,0.0,0.0,17.237177,0.017626
KMTA01,I,8348.02614,0.0,0.0,17.212005,0.016257
KMTA01,I,8348.0429,0.0,0.0,17.208184,0.016848
KMTA01,I,8348.06007,0.0,0.0,17.233358,0.023558
KMTA01,I,8348.07713,0.0,0.0,17.228266,0.019207
KMTA01,I,8348.09709,0.0,0.0,17.247165,0.020978
KMTA01,I,8348.11179,0.0,0.0,17.234338,0.022864
KMTA01,I,8348.87948,0.0,0.0,17.245794,0.050617
KMTA01,I,8348.89806,0.0,0.0,17.252745,0.04473
KMTA01,I,8348.91451,0.0,0.0,17.257346,0.030295
KMTA01,I,8348.93118,0.0,0.0,17.236982,0.031998
KMTA01,I,8348.94825,0.0,0.0,17.20544,0.041879
KMTA01,I,8349.01069,0.0,0.0,17.188487,0.055963
KMTA01,I,8349.02867,0.0,0.0,17.147697,0.096693
KMTA01,I,8349.05093,0.0,0.0,17.229147,0.045548
KMTA01,I,8349.07916,0.0,0.0,17.127095,0.037747
KMTA01,I,8349.09188,0.0,0.0,17.175449,0.034027
KMTA01,I,8349.86458,0.0,0.0,17.457193,0.264138
KMTA01,I,8349.88196,0.0,0.0,17.075361,0.080495
KMTA01,I,8349.91596,0.0,0.0,17.247165,0.060588
KMTA01,I,8349.93383,0.0,0.0,17.415266,0.086718
KMTA01,I,8349.96324,0.0,0.0,17.134748,0.039538
KMTA01,I,8349.98062,0.0,0.0,17.283963,0.040222
KMTA01,I,8349.99773,0.0,0.0,17.217393,0.03201
KMTA01,I,8350.01448,0.0,0.0,17.229833,0.055021
KMTA01,I,8350.03094,0.0,0.0,17.235611,0.034983
KMTA01,I,8350.05913,0.0,0.0,17.255584,0.039449
KMTA01,I,8350.07985,0.0,0.0,17.089796,0.056962
KMTA01,I,8350.0967,0.0,0.0,17.231008,0.041759
KMTA01,I,8350.09825,0.0,0.0,17.241877,0.039161
KMTA01,I,8350.91905,0.0,0.0,17.135141,0.032557
KMTA01,I,8350.94846,0.0,0.0,17.353471,0.053588
KMTA01,I,8350.96563,0.0,0.0,17.219646,0.048149
KMTA01,I,8350.98243,0.0,0.0,17.192407,0.044483
KMTA01,I,8350.99946,0.0,0.0,17.215826,0.040376
KMTA01,I,8351.01645,0.0,0.0,17.206322,0.046765
KMTA01,I,8351.04449,0.0,0.0,17.203677,0.049561
KMTA01,I,8351.06184,0.0,0.0,17.262533,0.036656
KMTA01,I,8351.0786,0.0,0.0,17.284452,0.045399
KMTA01,I,8351.08862,0.0,0.0,17.23091,0.046344
KMTA01,I,8351.10583,0.0,0.0,17.262729,0.038647
KMTA01,I,8351.90781,0.0,0.0,17.324155,0.100346
KMTA01,I,8351.92513,0.0,0.0,17.172606,0.050388
KMTA01,I,8351.95299,0.0,0.0,17.182703,0.040202
KMTA01,I,8351.97009,0.0,0.0,17.204657,0.039089
KMTA01,I,8351.98743,0.0,0.0,17.257541,0.043829
KMTA01,I,8352.00479,0.0,0.0,17.241388,0.038066
KMTA01,I,8352.0221,0.0,0.0,17.218373,0.033502
KMTA01,I,8352.0534,0.0,0.0,17.216217,0.038782
KMTA01,I,8352.07046,0.0,0.0,17.174077,0.038912
KMTA01,I,8352.0863,0.0,0.0,17.215826,0.034698
KMTA01,I,8352.10035,0.0,0.0,17.213572,0.041275
KMTA01,I,8352.87265,0.0,0.0,17.218373,0.059524
KMTA01,I,8352.88995,0.0,0.0,17.330997,0.051325
KMTA01,I,8352.90734,0.0,0.0,17.26684,0.056975
KMTA01,I,8352.92429,0.0,0.0,17.261946,0.037652
KMTA01,I,8352.95244,0.0,0.0,17.223662,0.036983
KMTA01,I,8352.96968,0.0,0.0,17.22758,0.033297
KMTA01,I,8352.98672,0.0,0.0,17.196621,0.030828
KMTA01,I,8353.02029,0.0,0.0,17.273592,0.033963
KMTA01,I,8353.04839,0.0,0.0,17.209164,0.048957
KMTA01,I,8353.0652,0.0,0.0,17.228755,0.040765
KMTA01,I,8353.08166,0.0,0.0,17.283083,0.04769
KMTA01,I,8353.09572,0.0,0.0,17.202795,0.048664
KMTA01,I,8353.88285,0.0,0.0,17.257346,0.028606
KMTA01,I,8353.9119,0.0,0.0,17.224935,0.024851
KMTA01,I,8353.93454,0.0,0.0,17.224446,0.022967
KMTA01,I,8353.96629,0.0,0.0,17.240115,0.022861
KMTA01,I,8353.98852,0.0,0.0,17.195347,0.022088
KMTA01,I,8354.01509,0.0,0.0,17.249318,0.021373
KMTA01,I,8354.04133,0.0,0.0,17.240507,0.023555
KMTA01,I,8354.06742,0.0,0.0,17.261946,0.02642
KMTA01,I,8354.08243,0.0,0.0,17.253528,0.027119
KMTA01,I,8354.09858,0.0,0.0,17.207792,0.033907
KMTA01,I,8354.87124,0.0,0.0,17.230028,0.026834
KMTA01,I,8354.98763,0.0,0.0,17.184664,0.022687
KMTA01,I,8355.01388,0.0,0.0,17.190545,0.019715
KMTA01,I,8355.03671,0.0,0.0,17.204951,0.028635
KMTA01,I,8355.0679,0.0,0.0,17.232085,0.036877
KMTA01,I,8355.08103,0.0,0.0,17.196229,0.050067
KMTA01,I,8355.09477,0.0,0.0,17.199071,0.065636
KMTA01,I,8357.87228,0.0,0.0,17.255779,0.038453
KMTA01,I,8357.89537,0.0,0.0,17.211319,0.099176
KMTA01,I,8357.92764,0.0,0.0,17.264001,0.029
KMTA01,I,8357.95077,0.0,0.0,17.228951,0.027132
KMTA01,I,8357.97411,0.0,0.0,17.210437,0.022577
KMTA01,I,8358.00351,0.0,0.0,17.243738,0.023454
KMTA01,I,8358.02588,0.0,0.0,17.239821,0.023852
KMTA01,I,8358.05575,0.0,0.0,17.194465,0.024468
KMTA01,I,8358.08114,0.0,0.0,17.216511,0.024458
KMTA01,I,8358.88191,0.0,0.0,17.203677,0.036898
KMTA01,I,8358.90546,0.0,0.0,17.26635,0.038047
KMTA01,I,8358.9363,0.0,0.0,17.242465,0.033088
KMTA01,I,8358.95927,0.0,0.0,17.229637,0.0325
KMTA01,I,8358.98557,0.0,0.0,17.201717,0.032417
KMTA01,I,8359.01178,0.0,0.0,17.196229,0.026752
KMTA01,I,8359.03398,0.0,0.0,17.23375,0.026236
KMTA01,I,8359.05993,0.0,0.0,17.229049,0.022866
KMTA01,I,8359.07392,0.0,0.0,17.256954,0.021864
KMTA01,I,8359.88445,0.0,0.0,17.244423,0.032689
KMTA01,I,8359.90717,0.0,0.0,17.306362,0.053941
KMTA01,I,8359.93659,0.0,0.0,17.162997,0.034533
KMTA01,I,8359.96343,0.0,0.0,17.245696,0.023949
KMTA01,I,8359.98626,0.0,0.0,17.239234,0.025836
KMTA01,I,8360.01925,0.0,0.0,17.249906,0.031592
KMTA01,I,8360.0424,0.0,0.0,17.211907,0.022279
KMTA01,I,8360.06516,0.0,0.0,17.214552,0.024558
KMTA01,I,8360.07185,0.0,0.0,17.179272,0.029345
KMTA01,I,8360.8708,0.0,0.0,17.196425,0.024666
KMTA01,I,8360.90129,0.0,0.0,17.213279,0.017733
KMTA01,I,8360.92452,0.0,0.0,17.240213,0.019894
KMTA01,I,8360.95618,0.0,0.0,17.270363,0.066044
KMTA01,I,8361.005,0.0,0.0,17.204853,0.055048
KMTA01,I,8361.05524,0.0,0.0,17.047364,0.18353
KMTA01,I,8362.88017,0.0,0.0,17.240311,0.026034
KMTA01,I,8362.90754,0.0,0.0,17.218079,0.032606
KMTA01,I,8362.93496,0.0,0.0,17.186428,0.039501
KMTA01,I,8362.95774,0.0,0.0,17.256269,0.058882
KMTA01,I,8362.99045,0.0,0.0,17.209164,0.022677
KMTA01,I,8363.01307,0.0,0.0,17.223956,0.02267
KMTA01,I,8363.04099,0.0,0.0,17.25157,0.026128
KMTA01,I,8363.06089,0.0,0.0,17.200247,0.044676
KMTA01,I,8363.07509,0.0,0.0,17.216707,0.060424
KMTA01,I,8363.8848,0.0,0.0,17.228755,0.028324
KMTA01,I,8363.908,0.0,0.0,17.229147,0.030511
KMTA01,I,8363.94077,0.0,0.0,17.17692,0.027855
KMTA01,I,8363.96682,0.0,0.0,17.230518,0.024848
KMTA01,I,8363.99129,0.0,0.0,17.225229,0.025248
KMTA01,I,8364.02112,0.0,0.0,17.209066,0.023867
KMTA01,I,8364.04415,0.0,0.0,17.247556,0.030599
KMTA01,I,8364.05887,0.0,0.0,17.241486,0.02792
KMTA01,I,8364.07329,0.0,0.0,17.201031,0.024962
KMTA01,I,8365.86997,0.0,0.0,17.212201,0.021586
KMTA01,I,8365.9023,0.0,0.0,17.216609,0.01783
KMTA01,I,8365.9252,0.0,0.0,17.201619,0.026252
KMTA01,I,8365.94845,0.0,0.0,17.231889,0.018811
KMTA01,I,8365.98218,0.0,0.0,17.191917,0.01843
KMTA01,I,8366.00453,0.0,0.0,17.207498,0.019511
KMTA01,I,8366.03707,0.0,0.0,17.195347,0.023278
KMTA01,I,8368.87256,0.0,0.0,17.216022,0.015274
KMTA01,I,8368.89672,0.0,0.0,17.240311,0.016543
KMTA01,I,8368.92265,0.0,0.0,17.214748,0.014588
KMTA01,I,8368.95255,0.0,0.0,17.221899,0.016549
KMTA01,I,8368.9757,0.0,0.0,17.203873,0.017342
KMTA01,I,8369.00285,0.0,0.0,17.212887,0.022081
KMTA01,I,8369.03095,0.0,0.0,17.219156,0.018322
KMTA01,I,8369.86857,0.0,0.0,17.217981,0.025053
KMTA01,I,8369.89176,0.0,0.0,17.212691,0.021982
KMTA01,I,8369.92862,0.0,0.0,17.214552,0.026941
KMTA01,I,8369.95193,0.0,0.0,17.250102,0.022758
KMTA01,I,8369.98006,0.0,0.0,17.24315,0.017132
KMTA01,I,8370.00756,0.0,0.0,17.164075,0.028558
KMTA01,I,8370.03127,0.0,0.0,17.236198,0.025441
KMTA01,I,8370.04281,0.0,0.0,17.196719,0.01833
KMTA01,I,8370.05813,0.0,0.0,17.196425,0.022187
KMTA01,I,8370.87592,0.0,0.0,17.232771,0.017431
KMTA01,I,8370.90577,0.0,0.0,17.239038,0.016445
KMTA01,I,8370.93557,0.0,0.0,17.199561,0.014886
KMTA01,I,8370.95907,0.0,0.0,17.246675,0.018115
KMTA01,I,8370.98993,0.0,0.0,17.223172,0.013999
KMTA01,I,8371.01294,0.0,0.0,17.190839,0.014106
KMTA01,I,8371.03497,0.0,0.0,17.233358,0.016938
KMTA01,I,8371.04902,0.0,0.0,17.23326,0.019008
KMTA01,I,8371.89376,0.0,0.0,17.240605,0.01615
KMTA01,I,8371.92094,0.0,0.0,17.207008,0.015473
KMTA01,I,8371.94349,0.0,0.0,17.232575,0.015171
KMTA01,I,8371.97355,0.0,0.0,17.190153,0.013325
KMTA01,I,8372.00133,0.0,0.0,17.224642,0.015173
KMTA01,I,8372.02745,0.0,0.0,17.224446,0.014292
KMTA01,I,8372.03658,0.0,0.0,17.22807,0.017826
KMTA01,I,8372.05454,0.0,0.0,17.185252,0.017643
KMTA01,I,8372.91047,0.0,0.0,17.221801,0.012344
KMTA01,I,8372.934,0.0,0.0,17.225621,0.014585
KMTA01,I,8372.96429,0.0,0.0,17.200541,0.017836
KMTA01,I,8372.98732,0.0,0.0,17.245794,0.019793
KMTA01,I,8373.01356,0.0,0.0,17.249221,0.028114
KMTA01,I,8373.03299,0.0,0.0,17.229931,0.027827
KMTA01,I,8373.047,0.0,0.0,17.217001,0.026244
KMTA01,I,8373.9422,0.0,0.0,17.231008,0.018515
KMTA01,I,8373.96967,0.0,0.0,17.223956,0.019999
KMTA01,I,8373.99957,0.0,0.0,17.220234,0.019309
KMTA01,I,8374.02213,0.0,0.0,17.199365,0.034111
KMTA01,I,8374.03917,0.0,0.0,17.209262,0.022776
KMTA01,I,8374.88243,0.0,0.0,17.204755,0.014102
KMTA01,I,8374.91047,0.0,0.0,17.214062,0.013514
KMTA01,I,8374.94023,0.0,0.0,17.216217,0.016354
KMTA01,I,8374.97709,0.0,0.0,17.218667,0.013318
KMTA01,I,8375.00921,0.0,0.0,17.220136,0.016451
KMTA01,I,8375.02643,0.0,0.0,17.234338,0.014877
KMTA01,I,8375.04063,0.0,0.0,17.245206,0.017328
KMTA01,I,8375.9043,0.0,0.0,17.246871,0.014677
KMTA01,I,8375.92719,0.0,0.0,17.20838,0.015472
KMTA01,I,8375.95659,0.0,0.0,17.195053,0.016164
KMTA01,I,8375.98085,0.0,0.0,17.217197,0.016059
KMTA01,I,8376.02241,0.0,0.0,17.217001,0.016157
KMTA01,I,8376.02387,0.0,0.0,17.21367,0.017733
KMTA01,I,8376.03781,0.0,0.0,17.226405,0.017827
KMTA01,I,8377.90313,0.0,0.0,17.163389,0.034234
KMTA01,I,8377.92627,0.0,0.0,17.151621,0.048809
KMTA01,I,8377.95615,0.0,0.0,17.219744,0.044161
KMTA01,I,8377.9816,0.0,0.0,17.144166,0.045421
KMTA01,I,8378.00739,0.0,0.0,17.177704,0.049285
KMTA01,I,8378.01628,0.0,0.0,17.08577,0.050265
KMTA01,I,8378.03071,0.0,0.0,17.125427,0.046934
KMTA01,I,8378.96449,0.0,0.0,17.224152,0.034493
KMTA01,I,8378.99042,0.0,0.0,17.176233,0.030541
KMTA01,I,8379.02011,0.0,0.0,17.228755,0.028722
KMTA01,I,8379.02856,0.0,0.0,17.224544,0.028028
KMTA01,I,8379.87892,0.0,0.0,17.221703,0.032306
KMTA01,I,8379.90234,0.0,0.0,17.217589,0.02843
KMTA01,I,8379.92478,0.0,0.0,17.265176,0.024633
KMTA01,I,8379.97764,0.0,0.0,17.217393,0.025053
KMTA01,I,8380.00351,0.0,0.0,17.185154,0.033523
KMTA01,I,8380.01749,0.0,0.0,17.302156,0.034738
KMTA01,I,8380.89644,0.0,0.0,17.205342,0.031022
KMTA01,I,8380.9185,0.0,0.0,17.192015,0.032921
KMTA01,I,8380.94101,0.0,0.0,17.275255,0.046104
KMTA01,I,8380.97414,0.0,0.0,17.242367,0.040355
KMTA01,I,8380.99603,0.0,0.0,17.197699,0.042982
KMTA01,I,8381.00953,0.0,0.0,17.157407,0.04052
KMTA01,I,8381.02337,0.0,0.0,17.089698,0.051062
KMTA01,I,8381.88086,0.0,0.0,17.203677,0.037296
KMTA01,I,8381.90551,0.0,0.0,17.226699,0.029021
KMTA01,I,8381.93523,0.0,0.0,17.260478,0.041835
KMTA01,I,8381.95764,0.0,0.0,17.231693,0.026436
KMTA01,I,8381.98062,0.0,0.0,17.244619,0.026131
KMTA01,I,8382.00708,0.0,0.0,17.20936,0.032114
KMTA01,I,8382.02093,0.0,0.0,17.173782,0.03114
KMTA01,I,8382.88978,0.0,0.0,17.212691,0.026346
KMTA01,I,8382.9157,0.0,0.0,17.246577,0.024246
KMTA01,I,8382.94523,0.0,0.0,17.224446,0.024355
KMTA01,I,8382.96781,0.0,0.0,17.25343,0.028708
KMTA01,I,8382.99109,0.0,0.0,17.229931,0.032997
KMTA01,I,8383.00583,0.0,0.0,17.213376,0.02327
KMTA01,I,8383.02,0.0,0.0,17.125231,0.037848
KMTA01,I,8384.88695,0.0,0.0,17.18535,0.030835
KMTA01,I,8384.91733,0.0,0.0,17.24599,0.025535
KMTA01,I,8384.93989,0.0,0.0,17.05375,0.135117
KMTA01,I,8385.87807,0.0,0.0,17.131903,0.055921
KMTA01,I,8385.90826,0.0,0.0,17.218177,0.047552
KMTA01,I,8385.93154,0.0,0.0,17.223858,0.05004
KMTA01,I,8385.96135,0.0,0.0,17.253528,0.044132
KMTA01,I,8385.98711,0.0,0.0,17.256758,0.165067
KMTA01,I,8385.99999,0.0,0.0,17.243542,0.062887
KMTA01,I,8386.0142,0.0,0.0,16.949523,0.299132
KMTA01,I,8386.89405,0.0,0.0,17.227874,0.030114
KMTA01,I,8386.89592,0.0,0.0,17.246381,0.028612
KMTA01,I,8386.92741,0.0,0.0,17.412632,0.27148
KMTA01,I,8386.95219,0.0,0.0,16.939189,0.151719
KMTA01,I,8386.96656,0.0,0.0,17.20593,0.028237
KMTA01,I,8386.98208,0.0,0.0,17.240703,0.026232
KMTA01,I,8387.89731,0.0,0.0,17.219548,0.050244
KMTA01,I,8387.92299,0.0,0.0,17.099516,0.071056
KMTA01,I,8388.88277,0.0,0.0,17.211711,0.021487
KMTA01,I,8388.90555,0.0,0.0,17.225131,0.024553
KMTA01,I,8388.93477,0.0,0.0,17.197209,0.021592
KMTA01,I,8388.95768,0.0,0.0,17.199169,0.021492
KMTA01,I,8388.98115,0.0,0.0,17.230714,0.020589
KMTA01,I,8390.89204,0.0,0.0,17.265959,0.040038
KMTA01,I,8390.92248,0.0,0.0,17.162703,0.040316
KMTA01,I,8390.94819,0.0,0.0,17.204461,0.040086
KMTA01,I,8390.97377,0.0,0.0,17.118361,0.039949
KMTA01,I,8390.98861,0.0,0.0,17.264295,0.036356
KMTA01,I,8391.90238,0.0,0.0,17.281224,0.032665
KMTA01,I,8391.92536,0.0,0.0,17.211907,0.02585
KMTA01,I,8391.94868,0.0,0.0,17.245206,0.022859
KMTA01,I,8391.97759,0.0,0.0,17.248535,0.025335
KMTA01,I,8391.99181,0.0,0.0,17.185742,0.028049
KMTA01,I,8392.89202,0.0,0.0,17.262631,0.024932
KMTA01,I,8392.92092,0.0,0.0,17.213181,0.019213
KMTA01,I,8392.95257,0.0,0.0,17.206028,0.018425
KMTA01,I,8392.97502,0.0,0.0,17.215238,0.017831
KMTA01,I,8392.97814,0.0,0.0,17.215924,0.017929
KMTA01,I,8392.9926,0.0,0.0,17.231693,0.017332
KMTA01,I,8393.90623,0.0,0.0,17.220234,0.021286
KMTA01,I,8393.92973,0.0,0.0,17.220724,0.020099
KMTA01,I,8393.96327,0.0,0.0,17.222879,0.017532
KMTA01,I,8393.97032,0.0,0.0,17.233946,0.018317
KMTA01,I,8393.98446,0.0,0.0,17.204461,0.020698
KMTA01,I,8397.8932,0.0,0.0,17.220822,0.02396
KMTA01,I,8397.91595,0.0,0.0,17.25157,0.02355
KMTA01,I,8397.94314,0.0,0.0,17.223564,0.023463
KMTA01,I,8397.96207,0.0,0.0,17.178782,0.02855
KMTA01,I,8397.97748,0.0,0.0,17.218275,0.024061
KMTA01,I,8398.89316,0.0,0.0,17.184272,0.016364
KMTA01,I,8398.91744,0.0,0.0,17.227776,0.017531
KMTA01,I,8398.95017,0.0,0.0,17.221115,0.018026
KMTA01,I,8398.95848,0.0,0.0,17.202991,0.020303
KMTA01,I,8398.97293,0.0,0.0,17.207204,0.021093
KMTA01,I,8399.8848,0.0,0.0,17.217785,0.015371
KMTA01,I,8399.90869,0.0,0.0,17.21896,0.014489
KMTA01,I,8399.93665,0.0,0.0,17.18633,0.013326
KMTA01,I,8399.95468,0.0,0.0,17.179567,0.014011
KMTA01,I,8399.96857,0.0,0.0,17.206518,0.015865
KMTA01,I,8400.89514,0.0,0.0,17.20887,0.015374
KMTA01,I,8400.91961,0.0,0.0,17.186918,0.016166
KMTA01,I,8404.91023,0.0,0.0,17.178488,0.026562
KMTA01,I,8405.9474,0.0,0.0,17.188487,0.023479
KMTA01,I,8406.88057,0.0,0.0,17.219352,0.020396
KMTA01,I,8406.9033,0.0,0.0,17.216413,0.022476
KMTA01,I,8406.92648,0.0,0.0,17.239038,0.028318
KMTA01,I,8406.93582,0.0,0.0,17.194759,0.027249
KMTA01,I,8406.9501,0.0,0.0,17.212789,0.035596
KMTA42,I,8171.23463,0.0,0.0,17.282008,0.040392
KMTA42,I,8171.24613,0.0,0.0,17.268631,0.029714
KMTA42,I,8171.25767,0.0,0.0,17.210652,0.021317
KMTA42,I,8172.238,0.0,0.0,17.142242,0.086438
KMTA42,I,8172.24972,0.0,0.0,17.233761,0.031002
KMTA42,I,8176.21179,0.0,0.0,17.233524,0.054901
KMTA42,I,8176.23333,0.0,0.0,17.197532,0.021496
KMTA42,I,8176.26275,0.0,0.0,17.226643,0.028646
KMTA42,I,8176.27491,0.0,0.0,17.204621,0.037282
KMTA42,I,8176.28854,0.0,0.0,17.221072,0.035042
KMTA42,I,8177.20787,0.0,0.0,17.213611,0.024403
KMTA42,I,8178.21239,0.0,0.0,17.173247,0.024812
KMTA42,I,8178.24456,0.0,0.0,17.230082,0.021706
KMTA42,I,8178.26462,0.0,0.0,17.20734,0.0177
KMTA42,I,8178.27788,0.0,0.0,17.218465,0.014471
KMTA42,I,8178.29293,0.0,0.0,17.207577,0.023612
KMTA42,I,8179.20478,0.0,0.0,17.233049,0.047106
KMTA42,I,8179.21698,0.0,0.0,17.235661,0.040227
KMTA42,I,8179.23015,0.0,0.0,17.189742,0.040738
KMTA42,I,8179.24263,0.0,0.0,17.258139,0.05387
KMTA42,I,8179.26185,0.0,0.0,17.178309,0.045748
KMTA42,I,8179.2768,0.0,0.0,17.420138,0.097369
KMTA42,I,8179.29065,0.0,0.0,17.067609,0.07339
KMTA42,I,8180.21456,0.0,0.0,17.204739,0.0447
KMTA42,I,8180.22555,0.0,0.0,17.167717,0.030824
KMTA42,I,8180.23788,0.0,0.0,17.212901,0.032567
KMTA42,I,8180.25226,0.0,0.0,17.246356,0.025072
KMTA42,I,8188.1932,0.0,0.0,17.221072,0.025752
KMTA42,I,8188.2173,0.0,0.0,17.232456,0.037987
KMTA42,I,8188.22835,0.0,0.0,17.195053,0.029509
KMTA42,I,8188.23945,0.0,0.0,17.224271,0.035502
KMTA42,I,8188.25315,0.0,0.0,17.222138,0.034604
KMTA42,I,8188.26466,0.0,0.0,17.179016,0.041449
KMTA42,I,8189.1845,0.0,0.0,17.209588,0.020108
KMTA42,I,8189.19596,0.0,0.0,17.237917,0.022282
KMTA42,I,8189.20896,0.0,0.0,17.223797,0.021577
KMTA42,I,8189.22069,0.0,0.0,17.228777,0.020713
KMTA42,I,8189.23182,0.0,0.0,17.234592,0.02073
KMTA42,I,8189.25181,0.0,0.0,17.220835,0.017843
KMTA42,I,8189.27153,0.0,0.0,17.206867,0.017917
KMTA42,I,8189.27584,0.0,0.0,17.206394,0.015851
KMTA42,I,8190.18111,0.0,0.0,17.216215,0.022322
KMTA42,I,8190.19271,0.0,0.0,17.236611,0.020407
KMTA42,I,8190.20414,0.0,0.0,17.214203,0.021108
KMTA42,I,8190.21569,0.0,0.0,17.188209,0.024645
KMTA42,I,8192.18003,0.0,0.0,17.193046,0.02192
KMTA42,I,8192.19816,0.0,0.0,17.212901,0.018805
KMTA42,I,8192.20941,0.0,0.0,17.215742,0.016198
KMTA42,I,8192.22221,0.0,0.0,17.23032,0.016667
KMTA42,I,8192.23497,0.0,0.0,17.208641,0.017377
KMTA42,I,8192.24686,0.0,0.0,17.212664,0.016517
KMTA42,I,8192.2654,0.0,0.0,17.240174,0.017784
KMTA42,I,8192.27647,0.0,0.0,17.221901,0.016538
KMTA42,I,8193.23768,0.0,0.0,17.207459,0.017156
KMTA42,I,8193.25487,0.0,0.0,17.195053,0.015718
KMTA42,I,8193.267,0.0,0.0,17.242076,0.015172
KMTA42,I,8193.2781,0.0,0.0,17.228422,0.01525
KMTA42,I,8194.16857,0.0,0.0,17.198949,0.021172
KMTA42,I,8194.18687,0.0,0.0,17.195289,0.018977
KMTA42,I,8194.19824,0.0,0.0,17.203203,0.021294
KMTA42,I,8194.20963,0.0,0.0,17.194698,0.018975
KMTA42,I,8194.22223,0.0,0.0,17.228777,0.019835
KMTA42,I,8194.2336,0.0,0.0,17.182904,0.019052
KMTA42,I,8194.25211,0.0,0.0,17.187148,0.018084
KMTA42,I,8194.26332,0.0,0.0,17.209351,0.017596
KMTA42,I,8194.2751,0.0,0.0,17.203203,0.019872
KMTA42,I,8194.28664,0.0,0.0,17.265052,0.021265
KMTA42,I,8195.16511,0.0,0.0,17.225931,0.021254
KMTA42,I,8195.17628,0.0,0.0,17.191748,0.020276
KMTA42,I,8195.19452,0.0,0.0,17.212191,0.019569
KMTA42,I,8195.20573,0.0,0.0,17.215386,0.017502
KMTA42,I,8195.21707,0.0,0.0,17.198949,0.01986
KMTA42,I,8195.22853,0.0,0.0,17.210889,0.017382
KMTA42,I,8195.24032,0.0,0.0,17.245166,0.019003
KMTA42,I,8195.25195,0.0,0.0,17.226761,0.016115
KMTA42,I,8195.27728,0.0,0.0,17.255043,0.019251
KMTA42,I,8196.16919,0.0,0.0,17.221545,0.019376
KMTA42,I,8196.18062,0.0,0.0,17.221664,0.019048
KMTA42,I,8196.19223,0.0,0.0,17.214558,0.020342
KMTA42,I,8196.20368,0.0,0.0,17.220479,0.016535
KMTA42,I,8196.21505,0.0,0.0,17.223916,0.016217
KMTA42,I,8196.23308,0.0,0.0,17.22522,0.016764
KMTA42,I,8196.24451,0.0,0.0,17.199067,0.018442
KMTA42,I,8196.25598,0.0,0.0,17.215623,0.019031
KMTA42,I,8196.26721,0.0,0.0,17.198713,0.016267
KMTA42,I,8196.27898,0.0,0.0,17.223442,0.016542
KMTA42,I,8197.17205,0.0,0.0,17.205921,0.023277
KMTA42,I,8197.18354,0.0,0.0,17.220953,0.021129
KMTA42,I,8197.1946,0.0,0.0,17.202139,0.020634
KMTA42,I,8197.20625,0.0,0.0,17.211126,0.021209
KMTA42,I,8197.2173,0.0,0.0,17.244453,0.02076
KMTA42,I,8197.23558,0.0,0.0,17.227117,0.018734
KMTA42,I,8197.24742,0.0,0.0,17.23863,0.020413
KMTA42,I,8197.25935,0.0,0.0,17.231269,0.02094
KMTA42,I,8197.27048,0.0,0.0,17.201785,0.0166
KMTA42,I,8197.28196,0.0,0.0,17.242195,0.016587
KMTA42,I,8201.1645,0.0,0.0,17.268034,0.021828
KMTA42,I,8201.18244,0.0,0.0,17.222494,0.016975
KMTA42,I,8201.19363,0.0,0.0,17.251233,0.017703
KMTA42,I,8201.20463,0.0,0.0,17.234474,0.016678
KMTA42,I,8201.21587,0.0,0.0,17.200249,0.016054
KMTA42,I,8201.23211,0.0,0.0,17.206986,0.016286
KMTA42,I,8201.25346,0.0,0.0,17.245285,0.015614
KMTA42,I,8201.26493,0.0,0.0,17.215978,0.015764
KMTA42,I,8201.27644,0.0,0.0,17.243383,0.015501
KMTA42,I,8201.28767,0.0,0.0,17.209943,0.01467
KMTA42,I,8202.15379,0.0,0.0,17.223679,0.018178
KMTA42,I,8202.16533,0.0,0.0,17.250757,0.016827
KMTA42,I,8202.1842,0.0,0.0,17.219176,0.016206
KMTA42,I,8202.19559,0.0,0.0,17.223679,0.018944
KMTA42,I,8202.21513,0.0,0.0,17.2321,0.022043
KMTA42,I,8202.22618,0.0,0.0,17.263741,0.031696
KMTA42,I,8202.26658,0.0,0.0,17.220479,0.022666
KMTA42,I,8204.14601,0.0,0.0,17.23578,0.030124
KMTA42,I,8204.15706,0.0,0.0,17.240056,0.023282
KMTA42,I,8204.16886,0.0,0.0,17.221664,0.02388
KMTA42,I,8204.18601,0.0,0.0,17.207459,0.022404
KMTA42,I,8204.1891,0.0,0.0,17.232218,0.020503
KMTA42,I,8204.19891,0.0,0.0,17.19458,0.024337
KMTA42,I,8204.21126,0.0,0.0,17.22356,0.028191
KMTA42,I,8204.23001,0.0,0.0,17.211244,0.030018
KMTA42,I,8204.24143,0.0,0.0,17.206513,0.032427
KMTA42,I,8204.25472,0.0,0.0,17.223442,0.033503
KMTA42,I,8204.26581,0.0,0.0,17.266484,0.039517
KMTA42,I,8204.27856,0.0,0.0,17.206631,0.029336
KMTA42,I,8205.17996,0.0,0.0,17.241006,0.027709
KMTA42,I,8206.13584,0.0,0.0,17.219413,0.016424
KMTA42,I,8206.15417,0.0,0.0,17.22439,0.016109
KMTA42,I,8206.16705,0.0,0.0,17.223679,0.015782
KMTA42,I,8206.17792,0.0,0.0,17.226998,0.017423
KMTA42,I,8206.18933,0.0,0.0,17.245523,0.017908
KMTA42,I,8206.20064,0.0,0.0,17.218702,0.015879
KMTA42,I,8206.22357,0.0,0.0,17.247902,0.018243
KMTA42,I,8206.23414,0.0,0.0,17.203557,0.01498
KMTA42,I,8206.24528,0.0,0.0,17.233405,0.015587
KMTA42,I,8206.25665,0.0,0.0,17.210297,0.019017
KMTA42,I,8206.26802,0.0,0.0,17.209588,0.014345
KMTA42,I,8206.27119,0.0,0.0,17.225931,0.015353
KMTA42,I,8206.28747,0.0,0.0,17.216334,0.017178
KMTA42,I,8207.14787,0.0,0.0,17.226287,0.019499
KMTA42,I,8207.15884,0.0,0.0,17.221664,0.020363
KMTA42,I,8207.16993,0.0,0.0,17.208996,0.020326
KMTA42,I,8207.18151,0.0,0.0,17.232812,0.022926
KMTA42,I,8207.19981,0.0,0.0,17.191748,0.020058
KMTA42,I,8207.21076,0.0,0.0,17.233999,0.016241
KMTA42,I,8207.2239,0.0,0.0,17.231625,0.017871
KMTA42,I,8207.23536,0.0,0.0,17.236492,0.039454
KMTA42,I,8207.24651,0.0,0.0,17.216926,0.017397
KMTA42,I,8207.2648,0.0,0.0,17.207222,0.017373
KMTA42,I,8207.278,0.0,0.0,17.218347,0.019477
KMTA42,I,8207.28936,0.0,0.0,17.222612,0.021353
KMTA42,I,8208.12891,0.0,0.0,17.214794,0.02111
KMTA42,I,8208.13987,0.0,0.0,17.212664,0.019133
KMTA42,I,8208.15596,0.0,0.0,17.207695,0.023503
KMTA42,I,8208.17465,0.0,0.0,17.215386,0.018157
KMTA42,I,8208.19157,0.0,0.0,17.205449,0.01824
KMTA42,I,8208.19445,0.0,0.0,17.211007,0.017492
KMTA42,I,8208.21017,0.0,0.0,17.223086,0.017304
KMTA42,I,8208.22281,0.0,0.0,17.244691,0.016266
KMTA42,I,8208.23608,0.0,0.0,17.201666,0.016166
KMTA42,I,8208.25597,0.0,0.0,17.232218,0.016019
KMTA42,I,8208.26726,0.0,0.0,17.214558,0.016521
KMTA42,I,8208.2788,0.0,0.0,17.215268,0.01903
KMTA42,I,8208.29026,0.0,0.0,17.239937,0.018002
KMTA42,I,8209.12681,0.0,0.0,17.285715,0.078456
KMTA42,I,8209.13808,0.0,0.0,17.178191,0.031858
KMTA42,I,8209.14936,0.0,0.0,17.219887,0.026741
KMTA42,I,8209.16804,0.0,0.0,17.190096,0.018854
KMTA42,I,8209.18388,0.0,0.0,17.198949,0.01855
KMTA42,I,8209.19567,0.0,0.0,17.195643,0.018433
KMTA42,I,8209.20686,0.0,0.0,17.225101,0.017854
KMTA42,I,8209.21819,0.0,0.0,17.239818,0.016581
KMTA42,I,8209.24092,0.0,0.0,17.224034,0.017088
KMTA42,I,8209.2522,0.0,0.0,17.207813,0.020651
KMTA42,I,8209.26312,0.0,0.0,17.213729,0.018371
KMTA42,I,8209.27425,0.0,0.0,17.245285,0.02341
KMTA42,I,8209.28597,0.0,0.0,17.197296,0.019091
KMTA42,I,8210.12946,0.0,0.0,17.19281,0.023125
KMTA42,I,8211.13992,0.0,0.0,17.218584,0.024641
KMTA42,I,8211.16394,0.0,0.0,17.166659,0.258441
KMTA42,I,8211.22748,0.0,0.0,17.218347,0.018929
KMTA42,I,8211.23863,0.0,0.0,17.248735,0.024417
KMTA42,I,8211.25298,0.0,0.0,17.177838,0.017193
KMTA42,I,8211.26997,0.0,0.0,17.186558,0.016781
KMTA42,I,8211.29419,0.0,0.0,17.239818,0.022729
KMTA42,I,8212.1255,0.0,0.0,17.246712,0.026402
KMTA42,I,8212.13969,0.0,0.0,17.230913,0.029882
KMTA42,I,8212.1587,0.0,0.0,17.233999,0.024696
KMTA42,I,8212.17009,0.0,0.0,17.272092,0.028615
KMTA42,I,8212.18419,0.0,0.0,17.187737,0.022561
KMTA42,I,8212.20235,0.0,0.0,17.20533,0.022507
KMTA42,I,8212.21375,0.0,0.0,17.264575,0.027472
KMTA42,I,8213.12847,0.0,0.0,17.209469,0.024169
KMTA42,I,8213.13943,0.0,0.0,17.189624,0.028166
KMTA42,I,8213.15193,0.0,0.0,17.203557,0.028882
KMTA42,I,8213.16346,0.0,0.0,17.204621,0.023163
KMTA42,I,8213.19435,0.0,0.0,17.256829,0.031107
KMTA42,I,8213.1965,0.0,0.0,17.205803,0.029223
KMTA42,I,8213.20785,0.0,0.0,17.23293,0.028561
KMTA42,I,8213.2307,0.0,0.0,17.216807,0.018379
KMTA42,I,8213.24241,0.0,0.0,17.23115,0.018855
KMTA42,I,8213.26062,0.0,0.0,17.205212,0.020534
KMTA42,I,8213.27202,0.0,0.0,17.238986,0.019645
KMTA42,I,8213.28334,0.0,0.0,17.197178,0.019418
KMTA42,I,8213.29458,0.0,0.0,17.243502,0.021088
KMTA42,I,8213.30859,0.0,0.0,17.215386,0.022429
KMTA42,I,8214.11689,0.0,0.0,17.203912,0.027782
KMTA42,I,8214.1353,0.0,0.0,17.219887,0.027182
KMTA42,I,8214.14809,0.0,0.0,17.221545,0.027741
KMTA42,I,8214.15971,0.0,0.0,17.201903,0.026122
KMTA42,I,8214.1711,0.0,0.0,17.190568,0.025092
KMTA42,I,8214.18249,0.0,0.0,17.238511,0.025928
KMTA42,I,8214.19418,0.0,0.0,17.181608,0.029233
KMTA42,I,8214.21292,0.0,0.0,17.247188,0.024522
KMTA42,I,8214.22423,0.0,0.0,17.223323,0.022675
KMTA42,I,8214.23592,0.0,0.0,17.201666,0.022934
KMTA42,I,8214.24701,0.0,0.0,17.215505,0.020235
KMTA42,I,8214.25819,0.0,0.0,17.226406,0.029751
KMTA42,I,8214.27673,0.0,0.0,17.210889,0.022525
KMTA42,I,8214.28826,0.0,0.0,17.242076,0.027491
KMTA42,I,8214.29971,0.0,0.0,17.15902,0.031884
KMTA42,I,8214.31095,0.0,0.0,17.187855,0.03576
KMTA42,I,8215.11465,0.0,0.0,17.22688,0.041509
KMTA42,I,8215.13285,0.0,0.0,17.228184,0.031531
KMTA42,I,8215.14405,0.0,0.0,17.202257,0.034617
KMTA42,I,8215.15542,0.0,0.0,17.223797,0.030625
KMTA42,I,8215.16699,0.0,0.0,17.223205,0.030955
KMTA42,I,8215.18095,0.0,0.0,17.176307,0.027784
KMTA42,I,8215.20667,0.0,0.0,17.209469,0.02979
KMTA42,I,8215.22924,0.0,0.0,17.200367,0.03516
KMTA42,I,8215.24085,0.0,0.0,17.213492,0.035004
KMTA42,I,8215.2533,0.0,0.0,17.221308,0.034268
KMTA42,I,8215.27332,0.0,0.0,17.202021,0.03561
KMTA42,I,8215.28467,0.0,0.0,17.184082,0.036182
KMTA42,I,8215.29585,0.0,0.0,17.231981,0.036429
KMTA42,I,8215.30747,0.0,0.0,17.202494,0.040922
KMTA42,I,8215.31948,0.0,0.0,17.099355,0.068221
KMTA42,I,8216.10854,0.0,0.0,17.185025,0.020694
KMTA42,I,8216.11978,0.0,0.0,17.209114,0.019888
KMTA42,I,8216.13788,0.0,0.0,17.214676,0.021
KMTA42,I,8216.14972,0.0,0.0,17.195289,0.020614
KMTA42,I,8216.16123,0.0,0.0,17.206631,0.019007
KMTA42,I,8216.17275,0.0,0.0,17.215268,0.020892
KMTA42,I,8216.18409,0.0,0.0,17.248853,0.018794
KMTA42,I,8216.20223,0.0,0.0,17.237205,0.022169
KMTA42,I,8216.21424,0.0,0.0,17.224746,0.020262
KMTA42,I,8216.22544,0.0,0.0,17.230438,0.019401
KMTA42,I,8216.23679,0.0,0.0,17.213137,0.020886
KMTA42,I,8216.24772,0.0,0.0,17.20805,0.019011
KMTA42,I,8216.25865,0.0,0.0,17.234592,0.023594
KMTA42,I,8216.27722,0.0,0.0,17.230082,0.022257
KMTA42,I,8216.28843,0.0,0.0,17.210297,0.022852
KMTA42,I,8216.29991,0.0,0.0,17.195407,0.023462
KMTA42,I,8216.31118,0.0,0.0,17.2416,0.025608
KMTA42,I,8217.10385,0.0,0.0,17.245404,0.020763
KMTA42,I,8217.12249,0.0,0.0,17.262191,0.021919
KMTA42,I,8217.134,0.0,0.0,17.199304,0.017789
KMTA42,I,8217.14559,0.0,0.0,17.22771,0.018189
KMTA42,I,8217.15668,0.0,0.0,17.20876,0.018467
KMTA42,I,8217.168,0.0,0.0,17.229964,0.016231
KMTA42,I,8217.18609,0.0,0.0,17.189506,0.015705
KMTA42,I,8217.19723,0.0,0.0,17.218939,0.015771
KMTA42,I,8217.20921,0.0,0.0,17.212309,0.016407
KMTA42,I,8217.22168,0.0,0.0,17.201312,0.016056
KMTA42,I,8217.23357,0.0,0.0,17.250995,0.019459
KMTA42,I,8217.25175,0.0,0.0,17.217281,0.015009
KMTA42,I,8217.26306,0.0,0.0,17.216807,0.016961
KMTA42,I,8217.2743,0.0,0.0,17.234355,0.016568
KMTA42,I,8217.28565,0.0,0.0,17.213492,0.01728
KMTA42,I,8217.29667,0.0,0.0,17.238274,0.021182
KMTA42,I,8217.31508,0.0,0.0,17.257901,0.0229
KMTA42,I,8218.10271,0.0,0.0,17.282127,0.040729
KMTA42,I,8218.11449,0.0,0.0,17.224509,0.030407
KMTA42,I,8218.12591,0.0,0.0,17.241125,0.026602
KMTA42,I,8218.15109,0.0,0.0,17.238155,0.020081
KMTA42,I,8218.17418,0.0,0.0,17.233643,0.021607
KMTA42,I,8218.18523,0.0,0.0,17.208641,0.02142
KMTA42,I,8218.19636,0.0,0.0,17.212072,0.016298
KMTA42,I,8218.20751,0.0,0.0,17.198949,0.016159
KMTA42,I,8218.2189,0.0,0.0,17.195407,0.018977
KMTA42,I,8218.23699,0.0,0.0,17.230438,0.016232
KMTA42,I,8218.24796,0.0,0.0,17.230201,0.016558
KMTA42,I,8218.26006,0.0,0.0,17.236967,0.016684
KMTA42,I,8218.27135,0.0,0.0,17.217281,0.014901
KMTA42,I,8218.28261,0.0,0.0,17.224153,0.015892
KMTA42,I,8218.30149,0.0,0.0,17.198241,0.018439
KMTA42,I,8218.31275,0.0,0.0,17.222849,0.018395
KMTA42,I,8219.10053,0.0,0.0,17.200603,0.019646
KMTA42,I,8219.11171,0.0,0.0,17.188445,0.017002
KMTA42,I,8219.12508,0.0,0.0,17.209469,0.015967
KMTA42,I,8219.13933,0.0,0.0,17.207813,0.015854
KMTA42,I,8219.16944,0.0,0.0,17.206867,0.015852
KMTA42,I,8219.18107,0.0,0.0,17.204857,0.015631
KMTA42,I,8219.19243,0.0,0.0,17.223442,0.016869
KMTA42,I,8219.20371,0.0,0.0,17.223205,0.017413
KMTA42,I,8219.22256,0.0,0.0,17.219531,0.022663
KMTA42,I,8219.23379,0.0,0.0,17.194816,0.019084
KMTA42,I,8219.2448,0.0,0.0,17.1934,0.017448
KMTA42,I,8219.25651,0.0,0.0,17.220005,0.018278
KMTA42,I,8219.2677,0.0,0.0,17.231862,0.016562
KMTA42,I,8219.28586,0.0,0.0,17.195407,0.017453
KMTA42,I,8219.29704,0.0,0.0,17.196233,0.018216
KMTA42,I,8219.31016,0.0,0.0,17.217163,0.01838
KMTA42,I,8219.32173,0.0,0.0,17.161135,0.042117
KMTA42,I,8220.10228,0.0,0.0,17.202612,0.015518
KMTA42,I,8220.11446,0.0,0.0,17.210416,0.017164
KMTA42,I,8220.13284,0.0,0.0,17.207695,0.014773
KMTA42,I,8220.14426,0.0,0.0,17.220953,0.022447
KMTA42,I,8220.15594,0.0,0.0,17.20805,0.019448
KMTA42,I,8220.16721,0.0,0.0,17.223086,0.025098
KMTA42,I,8220.17863,0.0,0.0,17.205449,0.020534
KMTA42,I,8220.19833,0.0,0.0,17.232218,0.022374
KMTA42,I,8220.21029,0.0,0.0,17.22854,0.020054
KMTA42,I,8220.22308,0.0,0.0,17.201194,0.017576
KMTA42,I,8220.23463,0.0,0.0,17.203085,0.016494
KMTA42,I,8220.24627,0.0,0.0,17.227236,0.015681
KMTA42,I,8220.26563,0.0,0.0,17.21811,0.017727
KMTA42,I,8220.27677,0.0,0.0,17.210061,0.019891
KMTA42,I,8220.28886,0.0,0.0,17.240174,0.022841
KMTA42,I,8220.30052,0.0,0.0,17.199185,0.018006
KMTA42,I,8220.31131,0.0,0.0,17.225694,0.019716
KMTA42,I,8221.0956,0.0,0.0,17.21811,0.019585
KMTA42,I,8221.10697,0.0,0.0,17.213137,0.017933
KMTA42,I,8221.11845,0.0,0.0,17.228896,0.017318
KMTA42,I,8221.12984,0.0,0.0,17.229608,0.016013
KMTA42,I,8221.14156,0.0,0.0,17.218939,0.017184
KMTA42,I,8221.1601,0.0,0.0,17.201076,0.017358
KMTA42,I,8221.1714,0.0,0.0,17.219058,0.014797
KMTA42,I,8221.18286,0.0,0.0,17.237323,0.015813
KMTA42,I,8221.19395,0.0,0.0,17.226168,0.015679
KMTA42,I,8221.2053,0.0,0.0,17.213256,0.014461
KMTA42,I,8221.21655,0.0,0.0,17.231744,0.017435
KMTA42,I,8221.23532,0.0,0.0,17.20734,0.018463
KMTA42,I,8221.24697,0.0,0.0,17.227473,0.027986
KMTA42,I,8221.25844,0.0,0.0,17.20533,0.031317
KMTA42,I,8221.26961,0.0,0.0,17.226524,0.030416
KMTA42,I,8221.28497,0.0,0.0,17.341457,0.043137
KMTA42,I,8221.30343,0.0,0.0,17.340371,0.044034
KMTA42,I,8223.09085,0.0,0.0,17.187737,0.024533
KMTA42,I,8223.10213,0.0,0.0,17.197768,0.022373
KMTA42,I,8223.11374,0.0,0.0,17.217518,0.021557
KMTA42,I,8223.12491,0.0,0.0,17.201903,0.021729
KMTA42,I,8223.14365,0.0,0.0,17.165836,0.02151
KMTA42,I,8223.15486,0.0,0.0,17.23863,0.028807
KMTA42,I,8223.16611,0.0,0.0,17.243621,0.036491
KMTA42,I,8223.17728,0.0,0.0,17.189506,0.029155
KMTA42,I,8223.18835,0.0,0.0,17.202494,0.027225
KMTA42,I,8223.20946,0.0,0.0,17.226406,0.023566
KMTA42,I,8223.22417,0.0,0.0,17.227591,0.02655
KMTA42,I,8223.23532,0.0,0.0,17.22771,0.019393
KMTA42,I,8223.24663,0.0,0.0,17.223442,0.016651
KMTA42,I,8223.25765,0.0,0.0,17.235186,0.0247
KMTA42,I,8223.27654,0.0,0.0,17.220242,0.018716
KMTA42,I,8223.29072,0.0,0.0,17.221782,0.018939
KMTA42,I,8223.30229,0.0,0.0,17.201312,0.02096
KMTA42,I,8223.31374,0.0,0.0,17.190804,0.025093
KMTA42,I,8224.08487,0.0,0.0,17.220124,0.015232
KMTA42,I,8224.09666,0.0,0.0,17.217518,0.01501
KMTA42,I,8224.10757,0.0,0.0,17.227473,0.01449
KMTA42,I,8224.12625,0.0,0.0,17.224034,0.014591
KMTA42,I,8224.13791,0.0,0.0,17.221901,0.015127
KMTA42,I,8224.13962,0.0,0.0,17.216926,0.013929
KMTA42,I,8224.15108,0.0,0.0,17.215978,0.016198
KMTA42,I,8224.16258,0.0,0.0,17.212072,0.013705
KMTA42,I,8224.17412,0.0,0.0,17.220716,0.015233
KMTA42,I,8224.19482,0.0,0.0,17.216215,0.017396
KMTA42,I,8224.20871,0.0,0.0,17.206749,0.017481
KMTA42,I,8224.21994,0.0,0.0,17.22605,0.01742
KMTA42,I,8224.23162,0.0,0.0,17.192574,0.019733
KMTA42,I,8224.2648,0.0,0.0,17.185968,0.018081
KMTA42,I,8224.27632,0.0,0.0,17.215623,0.018703
KMTA42,I,8224.28774,0.0,0.0,17.213611,0.019245
KMTA42,I,8224.2995,0.0,0.0,17.23388,0.021278
KMTA42,I,8224.31079,0.0,0.0,17.208405,0.020652
KMTA42,I,8225.08784,0.0,0.0,17.194462,0.016149
KMTA42,I,8225.10709,0.0,0.0,17.242313,0.018118
KMTA42,I,8225.11858,0.0,0.0,17.190804,0.019074
KMTA42,I,8225.13001,0.0,0.0,17.20604,0.019552
KMTA42,I,8225.14204,0.0,0.0,17.236136,0.019746
KMTA42,I,8225.17857,0.0,0.0,17.20876,0.017813
KMTA42,I,8225.19032,0.0,0.0,17.236611,0.015811
KMTA42,I,8225.19289,0.0,0.0,17.218702,0.015445
KMTA42,I,8225.20464,0.0,0.0,17.21515,0.017066
KMTA42,I,8225.21634,0.0,0.0,17.205567,0.015958
KMTA42,I,8225.23017,0.0,0.0,17.197296,0.021495
KMTA42,I,8225.24874,0.0,0.0,17.188209,0.024974
KMTA42,I,8225.27759,0.0,0.0,17.230794,0.02325
KMTA42,I,8225.2894,0.0,0.0,17.193636,0.021375
KMTA42,I,8225.30122,0.0,0.0,17.181254,0.025937
KMTA42,I,8225.30311,0.0,0.0,17.200249,0.028428
KMTA42,I,8225.32205,0.0,0.0,17.213611,0.043204
KMTA42,I,8226.08305,0.0,0.0,17.188327,0.035983
KMTA42,I,8226.09455,0.0,0.0,17.187265,0.041828
KMTA42,I,8226.10634,0.0,0.0,17.219058,0.04002
KMTA42,I,8226.11754,0.0,0.0,17.134629,0.053269
KMTA42,I,8226.12865,0.0,0.0,17.285236,0.095077
KMTA42,I,8227.28377,0.0,0.0,17.21586,0.018813
KMTA42,I,8227.29482,0.0,0.0,17.221901,0.080392
KMTA42,I,8227.306,0.0,0.0,17.169717,0.03479
KMTA42,I,8227.3172,0.0,0.0,17.249924,0.021108
KMTA42,I,8228.12998,0.0,0.0,17.19104,0.017008
KMTA42,I,8228.14131,0.0,0.0,17.234711,0.016133
KMTA42,I,8228.15261,0.0,0.0,17.211836,0.014998
KMTA42,I,8228.17076,0.0,0.0,17.203203,0.014225
KMTA42,I,8228.18217,0.0,0.0,17.19163,0.014416
KMTA42,I,8228.19322,0.0,0.0,17.199304,0.013466
KMTA42,I,8228.20461,0.0,0.0,17.220835,0.014584
KMTA42,I,8228.21605,0.0,0.0,17.19458,0.015717
KMTA42,I,8228.23474,0.0,0.0,17.224271,0.015133
KMTA42,I,8228.2475,0.0,0.0,17.214203,0.014139
KMTA42,I,8228.25887,0.0,0.0,17.225931,0.014811
KMTA42,I,8228.27011,0.0,0.0,17.19104,0.014523
KMTA42,I,8228.28495,0.0,0.0,17.190096,0.013984
KMTA42,I,8228.30739,0.0,0.0,17.201666,0.018013
KMTA42,I,8229.07822,0.0,0.0,17.206158,0.016718
KMTA42,I,8229.08973,0.0,0.0,17.208405,0.017485
KMTA42,I,8229.10112,0.0,0.0,17.20604,0.017153
KMTA42,I,8229.11235,0.0,0.0,17.19765,0.017676
KMTA42,I,8229.12392,0.0,0.0,17.221072,0.013615
KMTA42,I,8229.14215,0.0,0.0,17.218584,0.014472
KMTA42,I,8229.15345,0.0,0.0,17.201903,0.01433
KMTA42,I,8229.16789,0.0,0.0,17.199422,0.019097
KMTA42,I,8229.17912,0.0,0.0,17.247307,0.015183
KMTA42,I,8229.19004,0.0,0.0,17.212546,0.014244
KMTA42,I,8229.20908,0.0,0.0,17.223679,0.01459
KMTA42,I,8229.22038,0.0,0.0,17.210416,0.013916
KMTA42,I,8229.23732,0.0,0.0,17.197768,0.014752
KMTA42,I,8229.25027,0.0,0.0,17.218821,0.013503
KMTA42,I,8229.26164,0.0,0.0,17.201076,0.01422
KMTA42,I,8229.28312,0.0,0.0,17.224271,0.01818
KMTA42,I,8229.29451,0.0,0.0,17.215386,0.014573
KMTA42,I,8229.30579,0.0,0.0,17.228184,0.015358
KMTA42,I,8230.07271,0.0,0.0,17.188563,0.020813
KMTA42,I,8230.08399,0.0,0.0,17.213492,0.022643
KMTA42,I,8230.09515,0.0,0.0,17.20604,0.018351
KMTA42,I,8230.11315,0.0,0.0,17.230438,0.019072
KMTA42,I,8230.12435,0.0,0.0,17.197768,0.018656
KMTA42,I,8230.13787,0.0,0.0,17.236373,0.021726
KMTA42,I,8230.14941,0.0,0.0,17.217399,0.020789
KMTA42,I,8230.16057,0.0,0.0,17.237798,0.018106
KMTA42,I,8230.1786,0.0,0.0,17.223679,0.018178
KMTA42,I,8230.18983,0.0,0.0,17.201194,0.018338
KMTA42,I,8230.20147,0.0,0.0,17.179723,0.021006
KMTA42,I,8230.21427,0.0,0.0,17.235305,0.020952
KMTA42,I,8230.22581,0.0,0.0,17.206394,0.020428
KMTA42,I,8230.23729,0.0,0.0,17.202612,0.016276
KMTA42,I,8230.25611,0.0,0.0,17.22356,0.016869
KMTA42,I,8230.26729,0.0,0.0,17.220598,0.018826
KMTA42,I,8230.27898,0.0,0.0,17.213611,0.018698
KMTA42,I,8230.29029,0.0,0.0,17.210889,0.019893
KMTA42,I,8230.30132,0.0,0.0,17.19399,0.023128
KMTA42,I,8231.07675,0.0,0.0,17.191748,0.020167
KMTA42,I,8231.09494,0.0,0.0,17.228066,0.017644
KMTA42,I,8231.10639,0.0,0.0,17.204621,0.016823
KMTA42,I,8231.11776,0.0,0.0,17.230794,0.016015
KMTA42,I,8231.12998,0.0,0.0,17.191276,0.014201
KMTA42,I,8231.14135,0.0,0.0,17.214676,0.014896
KMTA42,I,8231.16162,0.0,0.0,17.218821,0.015771
KMTA42,I,8231.17305,0.0,0.0,17.222375,0.017957
KMTA42,I,8231.18411,0.0,0.0,17.204266,0.015955
KMTA42,I,8231.19708,0.0,0.0,17.208878,0.014344
KMTA42,I,8231.20868,0.0,0.0,17.198477,0.01443
KMTA42,I,8231.22751,0.0,0.0,17.206158,0.014985
KMTA42,I,8231.23884,0.0,0.0,17.222968,0.014913
KMTA42,I,8231.2506,0.0,0.0,17.236967,0.014618
KMTA42,I,8231.2632,0.0,0.0,17.199658,0.016161
KMTA42,I,8231.27466,0.0,0.0,17.210534,0.016186
KMTA42,I,8231.31141,0.0,0.0,17.197178,0.01648
KMTA42,I,8231.31495,0.0,0.0,17.230794,0.015472
KMTA42,I,8232.0894,0.0,0.0,17.19706,0.016805
KMTA42,I,8232.1008,0.0,0.0,17.222256,0.017411
KMTA42,I,8232.11195,0.0,0.0,17.220835,0.016754
KMTA42,I,8232.12307,0.0,0.0,17.211007,0.017056
KMTA42,I,8232.16791,0.0,0.0,17.196705,0.018653
KMTA42,I,8232.17929,0.0,0.0,17.217636,0.025188
KMTA42,I,8232.19075,0.0,0.0,17.196351,0.015396
KMTA42,I,8232.20185,0.0,0.0,17.202375,0.015301
KMTA42,I,8232.21802,0.0,0.0,17.217992,0.01642
KMTA42,I,8232.2525,0.0,0.0,17.195171,0.015934
KMTA42,I,8232.26393,0.0,0.0,17.179487,0.023191
KMTA42,I,8232.28533,0.0,0.0,17.203557,0.021624
KMTA42,I,8232.2969,0.0,0.0,17.176307,0.013102
KMTA42,I,8233.06962,0.0,0.0,17.173011,0.022187
KMTA42,I,8233.08094,0.0,0.0,17.201785,0.019868
KMTA42,I,8233.09213,0.0,0.0,17.185968,0.018516
KMTA42,I,8233.11043,0.0,0.0,17.202848,0.019434
KMTA42,I,8233.1218,0.0,0.0,17.224153,0.018945
KMTA42,I,8233.13579,0.0,0.0,17.206749,0.020867
KMTA42,I,8233.14557,0.0,0.0,17.201312,0.022713
KMTA42,I,8233.15697,0.0,0.0,17.206749,0.01672
KMTA42,I,8233.17293,0.0,0.0,17.211007,0.019237
KMTA42,I,8233.19572,0.0,0.0,17.216097,0.01382
KMTA42,I,8233.20714,0.0,0.0,17.216926,0.014792
KMTA42,I,8233.21843,0.0,0.0,17.217044,0.014145
KMTA42,I,8233.22986,0.0,0.0,17.210889,0.013595
KMTA42,I,8233.24115,0.0,0.0,17.217755,0.013179
KMTA42,I,8233.25985,0.0,0.0,17.207932,0.016288
KMTA42,I,8233.27152,0.0,0.0,17.225576,0.020813
KMTA42,I,8233.28533,0.0,0.0,17.199304,0.014755
KMTA42,I,8233.29606,0.0,0.0,17.19954,0.013466
KMTA42,I,8233.30773,0.0,0.0,17.213847,0.018371
KMTA42,I,8234.12863,0.0,0.0,17.214321,0.016412
KMTA42,I,8234.13989,0.0,0.0,17.224627,0.016654
KMTA42,I,8234.15329,0.0,0.0,17.226287,0.018951
KMTA42,I,8234.15907,0.0,0.0,17.213492,0.018807
KMTA42,I,8234.16617,0.0,0.0,17.190922,0.015925
KMTA42,I,8234.18445,0.0,0.0,17.238155,0.025927
KMTA42,I,8234.19559,0.0,0.0,17.210416,0.019783
KMTA42,I,8234.20662,0.0,0.0,17.195997,0.023025
KMTA42,I,8234.21933,0.0,0.0,17.231625,0.018966
KMTA42,I,8234.23074,0.0,0.0,17.20143,0.023372
KMTA42,I,8234.25106,0.0,0.0,17.23115,0.015799
KMTA42,I,8234.26208,0.0,0.0,17.22439,0.016871
KMTA42,I,8234.27336,0.0,0.0,17.197414,0.016698
KMTA42,I,8234.28466,0.0,0.0,17.229371,0.023466
KMTA42,I,8234.2959,0.0,0.0,17.191158,0.019729
KMTA42,I,8235.05789,0.0,0.0,17.192338,0.054468
KMTA42,I,8235.07649,0.0,0.0,17.171834,0.03447
KMTA42,I,8235.08825,0.0,0.0,17.248972,0.037967
KMTA42,I,8235.09931,0.0,0.0,17.186676,0.030575
KMTA42,I,8235.11071,0.0,0.0,17.206631,0.02328
KMTA42,I,8235.12212,0.0,0.0,17.176307,0.026138
KMTA42,I,8235.14036,0.0,0.0,17.245166,0.024736
KMTA42,I,8235.15142,0.0,0.0,17.231625,0.025681
KMTA42,I,8235.16266,0.0,0.0,17.20533,0.028008
KMTA42,I,8236.05846,0.0,0.0,17.181136,0.038593
KMTA42,I,8236.07006,0.0,0.0,17.204739,0.025252
KMTA42,I,8236.0885,0.0,0.0,17.179134,0.029773
KMTA42,I,8236.10272,0.0,0.0,17.208287,0.022736
KMTA42,I,8237.06091,0.0,0.0,17.200012,0.038474
KMTA42,I,8237.07231,0.0,0.0,17.186794,0.030905
KMTA42,I,8237.08396,0.0,0.0,17.201785,0.024912
KMTA42,I,8237.09529,0.0,0.0,17.193164,0.0284
KMTA42,I,8237.10679,0.0,0.0,17.200012,0.026665
KMTA42,I,8237.13076,0.0,0.0,17.205567,0.024705
KMTA42,I,8237.1422,0.0,0.0,17.215505,0.02452
KMTA42,I,8237.15342,0.0,0.0,17.184436,0.030785
KMTA42,I,8237.16442,0.0,0.0,17.174541,0.036464
KMTA42,I,8237.17593,0.0,0.0,17.229252,0.033974
KMTA42,I,8237.19764,0.0,0.0,17.258258,0.03657
KMTA42,I,8237.21625,0.0,0.0,17.24695,0.029508
KMTA42,I,8237.22859,0.0,0.0,17.218465,0.027177
KMTA42,I,8237.2419,0.0,0.0,17.201312,0.029645
KMTA42,I,8237.25327,0.0,0.0,17.247664,0.037069
KMTA42,I,8237.26469,0.0,0.0,17.199304,0.025343
KMTA42,I,8237.28314,0.0,0.0,17.230913,0.035758
KMTA42,I,8237.29471,0.0,0.0,17.209824,0.02505
KMTA42,I,8237.30667,0.0,0.0,17.207577,0.019884
KMTA42,I,8238.06013,0.0,0.0,17.188327,0.024645
KMTA42,I,8238.0714,0.0,0.0,17.19458,0.028295
KMTA42,I,8238.08416,0.0,0.0,17.207577,0.027576
KMTA42,I,8238.11021,0.0,0.0,17.243383,0.027275
KMTA42,I,8238.1217,0.0,0.0,17.225576,0.022462
KMTA42,I,8238.13328,0.0,0.0,17.223323,0.024217
KMTA42,I,8238.14625,0.0,0.0,17.243621,0.028384
KMTA42,I,8238.15813,0.0,0.0,17.212664,0.02363
KMTA42,I,8238.17645,0.0,0.0,17.238274,0.037685
KMTA42,I,8238.18744,0.0,0.0,17.191512,0.023011
KMTA42,I,8239.05592,0.0,0.0,17.179369,0.035828
KMTA42,I,8239.06735,0.0,0.0,17.201548,0.039146
KMTA42,I,8239.07856,0.0,0.0,17.229608,0.03675
KMTA42,I,8239.09199,0.0,0.0,17.2416,0.033258
KMTA42,I,8239.17719,0.0,0.0,17.254685,0.029652
KMTA42,I,8239.18963,0.0,0.0,17.148456,0.039737
KMTA42,I,8239.20864,0.0,0.0,17.17513,0.030525
KMTA42,I,8239.22019,0.0,0.0,17.171481,0.030071
KMTA42,I,8239.23167,0.0,0.0,17.238036,0.031243
KMTA42,I,8241.04716,0.0,0.0,17.217399,0.030487
KMTA42,I,8241.0769,0.0,0.0,17.190568,0.032024
KMTA42,I,8241.08843,0.0,0.0,17.181843,0.026927
KMTA42,I,8241.10002,0.0,0.0,17.19163,0.025096
KMTA42,I,8241.11169,0.0,0.0,17.261237,0.03458
KMTA42,I,8241.12319,0.0,0.0,17.200958,0.030195
KMTA42,I,8241.14182,0.0,0.0,17.203439,0.027449
KMTA42,I,8241.1535,0.0,0.0,17.247426,0.024855
KMTA42,I,8241.16449,0.0,0.0,17.208523,0.038521
KMTA42,I,8241.17554,0.0,0.0,17.213966,0.026057
KMTA42,I,8241.18683,0.0,0.0,17.226406,0.024117
KMTA42,I,8241.2049,0.0,0.0,17.19222,0.020824
KMTA42,I,8241.21624,0.0,0.0,17.192102,0.022355
KMTA42,I,8241.22735,0.0,0.0,17.254328,0.042568
KMTA42,I,8241.23835,0.0,0.0,17.207695,0.084894
KMTA42,I,8241.24981,0.0,0.0,17.146228,0.072831
KMTA42,I,8241.26884,0.0,0.0,17.223442,0.043265
KMTA42,I,8241.27992,0.0,0.0,17.209469,0.032773
KMTA42,I,8241.2912,0.0,0.0,17.214203,0.039771
KMTA42,I,8241.30281,0.0,0.0,17.253138,0.045794
KMTA42,I,8241.31751,0.0,0.0,17.26231,0.045745
KMTA42,I,8243.0489,0.0,0.0,17.342181,0.092516
KMTA42,I,8243.06069,0.0,0.0,17.304282,0.099409
KMTA42,I,8243.08112,0.0,0.0,17.169599,0.077261
KMTA42,I,8243.09238,0.0,0.0,17.20403,0.081741
KMTA42,I,8243.10379,0.0,0.0,17.268273,0.076235
KMTA42,I,8243.11513,0.0,0.0,17.159255,0.059178
KMTA42,I,8243.1264,0.0,0.0,17.165248,0.050625
KMTA42,I,8243.14505,0.0,0.0,17.186794,0.056638
KMTA42,I,8243.15927,0.0,0.0,17.470334,0.092302
KMTA42,I,8243.16115,0.0,0.0,17.184672,0.06525
KMTA42,I,8243.17255,0.0,0.0,17.274122,0.080001
KMTA42,I,8243.18406,0.0,0.0,17.216689,0.064546
KMTA42,I,8243.19534,0.0,0.0,17.208996,0.062476
KMTA42,I,8243.21521,0.0,0.0,17.198713,0.060944
KMTA42,I,8243.23426,0.0,0.0,17.281649,0.067409
KMTA42,I,8243.24557,0.0,0.0,17.224627,0.036058
KMTA42,I,8243.25673,0.0,0.0,17.161487,0.03464
KMTA42,I,8243.26806,0.0,0.0,17.21657,0.036459
KMTA42,I,8243.28781,0.0,0.0,17.218702,0.032705
KMTA42,I,8243.29943,0.0,0.0,17.198359,0.031397
KMTA42,I,8243.31073,0.0,0.0,17.227473,0.033966
KMTA42,I,8243.32231,0.0,0.0,17.211954,0.034222
KMTA42,I,8244.03459,0.0,0.0,17.204503,0.027233
KMTA42,I,8244.05301,0.0,0.0,17.20533,0.025474
KMTA42,I,8244.06466,0.0,0.0,17.220835,0.023547
KMTA42,I,8244.07758,0.0,0.0,17.212546,0.021542
KMTA42,I,8244.08885,0.0,0.0,17.226287,0.021255
KMTA42,I,8244.09994,0.0,0.0,17.19104,0.017551
KMTA42,I,8244.12154,0.0,0.0,17.185025,0.020148
KMTA42,I,8244.13294,0.0,0.0,17.221545,0.018282
KMTA42,I,8244.14452,0.0,0.0,17.198949,0.019205
KMTA42,I,8244.1559,0.0,0.0,17.207813,0.016505
KMTA42,I,8244.1674,0.0,0.0,17.193282,0.017122
KMTA42,I,8244.19175,0.0,0.0,17.203321,0.018126
KMTA42,I,8244.20298,0.0,0.0,17.206867,0.017155
KMTA42,I,8244.21407,0.0,0.0,17.224864,0.015893
KMTA42,I,8244.2257,0.0,0.0,17.188091,0.017109
KMTA42,I,8244.23683,0.0,0.0,17.213492,0.017062
KMTA42,I,8244.25038,0.0,0.0,17.190922,0.016574
KMTA42,I,8244.27188,0.0,0.0,17.206513,0.01857
KMTA42,I,8244.28473,0.0,0.0,17.220835,0.017625
KMTA42,I,8244.2959,0.0,0.0,17.183964,0.0208
KMTA42,I,8244.30887,0.0,0.0,17.220835,0.019593
KMTA42,I,8244.32013,0.0,0.0,17.211717,0.023626
KMTA42,I,8245.0294,0.0,0.0,17.180429,0.022538
KMTA42,I,8245.05367,0.0,0.0,17.193636,0.024554
KMTA42,I,8245.06472,0.0,0.0,17.202139,0.024253
KMTA42,I,8245.07568,0.0,0.0,17.203439,0.028
KMTA42,I,8245.08726,0.0,0.0,17.230438,0.036976
KMTA42,I,8245.09876,0.0,0.0,17.204621,0.027674
KMTA42,I,8245.11801,0.0,0.0,17.170187,0.019345
KMTA42,I,8245.13147,0.0,0.0,17.212782,0.016408
KMTA42,I,8245.14316,0.0,0.0,17.212427,0.017931
KMTA42,I,8245.15448,0.0,0.0,17.187619,0.016134
KMTA42,I,8245.16564,0.0,0.0,17.18986,0.017874
KMTA42,I,8245.18365,0.0,0.0,17.174659,0.016645
KMTA42,I,8245.1946,0.0,0.0,17.213966,0.017499
KMTA42,I,8245.20615,0.0,0.0,17.218465,0.019477
KMTA42,I,8245.21743,0.0,0.0,17.188445,0.018523
KMTA42,I,8245.22942,0.0,0.0,17.172658,0.021421
KMTA42,I,8245.24756,0.0,0.0,17.190214,0.027618
KMTA42,I,8245.25877,0.0,0.0,17.221308,0.026857
KMTA42,I,8245.27016,0.0,0.0,17.204739,0.030542
KMTA42,I,8245.28149,0.0,0.0,17.179487,0.02615
KMTA42,I,8245.29286,0.0,0.0,17.257544,0.025003
KMTA42,I,8245.31121,0.0,0.0,17.210771,0.020769
KMTA42,I,8245.32244,0.0,0.0,17.218702,0.02321
KMTA42,I,8246.02914,0.0,0.0,17.198123,0.018657
KMTA42,I,8246.04069,0.0,0.0,17.193518,0.017557
KMTA42,I,8246.05191,0.0,0.0,17.196942,0.018109
KMTA42,I,8246.08175,0.0,0.0,17.17772,0.019365
KMTA42,I,8246.09338,0.0,0.0,17.22119,0.015451
KMTA42,I,8246.11036,0.0,0.0,17.206986,0.013695
KMTA42,I,8246.12183,0.0,0.0,17.207104,0.014017
KMTA42,I,8246.13319,0.0,0.0,17.184672,0.012585
KMTA42,I,8246.16481,0.0,0.0,17.186558,0.014836
KMTA42,I,8246.17856,0.0,0.0,17.21657,0.014036
KMTA42,I,8246.19161,0.0,0.0,17.214794,0.018592
KMTA42,I,8246.20325,0.0,0.0,17.215386,0.016632
KMTA42,I,8246.21438,0.0,0.0,17.212546,0.014891
KMTA42,I,8246.23293,0.0,0.0,17.26708,0.036618
KMTA42,I,8246.24409,0.0,0.0,17.202966,0.018234
KMTA42,I,8246.25777,0.0,0.0,17.191748,0.01777
KMTA42,I,8246.27305,0.0,0.0,17.231625,0.03554
KMTA42,I,8246.28409,0.0,0.0,17.121528,0.047149
KMTA42,I,8246.30263,0.0,0.0,17.196115,0.023684
KMTA42,I,8246.3138,0.0,0.0,17.090737,0.078855
KMTA42,I,8246.32495,0.0,0.0,17.217755,0.021009
KMTA42,I,8247.28439,0.0,0.0,17.195761,0.020178
KMTA42,I,8247.29552,0.0,0.0,17.214439,0.017609
KMTA42,I,8247.31374,0.0,0.0,17.192102,0.017771
KMTA42,I,8247.32499,0.0,0.0,17.177014,0.016975
KMTA42,I,8248.02141,0.0,0.0,17.196233,0.019961
KMTA42,I,8248.03373,0.0,0.0,17.184318,0.017534
KMTA42,I,8248.04488,0.0,0.0,17.163132,0.018566
KMTA42,I,8248.05828,0.0,0.0,17.223086,0.019052
KMTA42,I,8248.07674,0.0,0.0,17.283682,0.036933
KMTA42,I,8248.08811,0.0,0.0,17.175601,0.019904
KMTA42,I,8248.12403,0.0,0.0,17.192692,0.041639
KMTA42,I,8248.1426,0.0,0.0,17.179723,0.01774
KMTA42,I,8248.15767,0.0,0.0,17.166659,0.029502
KMTA42,I,8248.1705,0.0,0.0,17.213492,0.023412
KMTA42,I,8248.18162,0.0,0.0,17.176189,0.090712
KMTA42,I,8248.19247,0.0,0.0,17.099822,0.055648
KMTA42,I,8248.21118,0.0,0.0,17.217755,0.020022
KMTA42,I,8248.22322,0.0,0.0,17.189152,0.01657
KMTA42,I,8248.2388,0.0,0.0,17.029404,0.082258
KMTA42,I,8248.25055,0.0,0.0,17.18927,0.019178
KMTA42,I,8248.26166,0.0,0.0,17.22854,0.018848
KMTA42,I,8248.28114,0.0,0.0,17.215031,0.029151
KMTA42,I,8248.2925,0.0,0.0,17.209588,0.111808
KMTA42,I,8248.30676,0.0,0.0,17.229845,0.08795
KMTA42,I,8248.31974,0.0,0.0,17.15221,0.040747
KMTA42,I,8248.3315,0.0,0.0,17.15949,0.103524
KMTA42,I,8249.02286,0.0,0.0,17.233049,0.038434
KMTA42,I,8249.04109,0.0,0.0,17.224983,0.027092
KMTA42,I,8249.0529,0.0,0.0,17.211126,0.025605
KMTA42,I,8249.06421,0.0,0.0,17.205449,0.037176
KMTA42,I,8249.07588,0.0,0.0,17.200485,0.030965
KMTA42,I,8249.0867,0.0,0.0,17.15221,0.025287
KMTA42,I,8249.11853,0.0,0.0,17.131819,0.047324
KMTA42,I,8249.13006,0.0,0.0,17.198477,0.048867
KMTA42,I,8249.14146,0.0,0.0,17.150685,0.037882
KMTA42,I,8249.16377,0.0,0.0,17.308122,0.126646
KMTA42,I,8249.18451,0.0,0.0,17.089108,0.081461
KMTA42,I,8249.19725,0.0,0.0,17.270063,0.157206
KMTA42,I,8249.20849,0.0,0.0,17.083524,0.176244
KMTA42,I,8251.01418,0.0,0.0,17.216807,0.035575
KMTA42,I,8251.02554,0.0,0.0,17.341698,0.052412
KMTA42,I,8251.05731,0.0,0.0,17.204857,0.022615
KMTA42,I,8251.0688,0.0,0.0,17.192456,0.02422
KMTA42,I,8251.07996,0.0,0.0,17.190804,0.017007
KMTA42,I,8251.09133,0.0,0.0,17.228896,0.01852
KMTA42,I,8251.11007,0.0,0.0,17.232218,0.020394
KMTA42,I,8251.12147,0.0,0.0,17.172776,0.023388
KMTA42,I,8251.13282,0.0,0.0,17.20604,0.021412
KMTA42,I,8251.14642,0.0,0.0,17.204739,0.021189
KMTA42,I,8251.15749,0.0,0.0,17.203321,0.020966
KMTA42,I,8251.17555,0.0,0.0,17.207104,0.018572
KMTA42,I,8251.18687,0.0,0.0,17.244453,0.019111
KMTA42,I,8251.19865,0.0,0.0,17.17254,0.016856
KMTA42,I,8251.21046,0.0,0.0,17.209114,0.018032
KMTA42,I,8251.22185,0.0,0.0,17.185968,0.017213
KMTA42,I,8251.24005,0.0,0.0,17.20604,0.018896
KMTA42,I,8251.25422,0.0,0.0,17.224034,0.017852
KMTA42,I,8251.2653,0.0,0.0,17.213256,0.020557
KMTA42,I,8251.27706,0.0,0.0,17.21965,0.019261
KMTA42,I,8251.28797,0.0,0.0,17.203085,0.023378
KMTA42,I,8251.30605,0.0,0.0,17.213847,0.02738
KMTA42,I,8251.32021,0.0,0.0,17.180547,0.021227
KMTA42,I,8251.33177,0.0,0.0,17.130298,0.032854
KMTA42,I,8252.05892,0.0,0.0,17.210652,0.016078
KMTA42,I,8252.07075,0.0,0.0,17.210889,0.01597
KMTA42,I,8252.08206,0.0,0.0,17.194344,0.017776
KMTA42,I,8252.09351,0.0,0.0,17.190568,0.0156
KMTA42,I,8252.10517,0.0,0.0,17.178191,0.015573
KMTA42,I,8252.11668,0.0,0.0,17.173129,0.017724
KMTA42,I,8252.13514,0.0,0.0,17.202375,0.019323
KMTA42,I,8252.14651,0.0,0.0,17.209588,0.014885
KMTA42,I,8252.15775,0.0,0.0,17.187737,0.014839
KMTA42,I,8252.16892,0.0,0.0,17.208287,0.01402
KMTA42,I,8252.18015,0.0,0.0,17.177956,0.014819
KMTA42,I,8252.20168,0.0,0.0,17.189742,0.014843
KMTA42,I,8252.2133,0.0,0.0,17.194108,0.014637
KMTA42,I,8252.24167,0.0,0.0,17.180665,0.020136
KMTA42,I,8252.25318,0.0,0.0,17.203912,0.018891
KMTA42,I,8252.27191,0.0,0.0,17.191276,0.018639
KMTA42,I,8252.28481,0.0,0.0,17.189035,0.02005
KMTA42,I,8252.28642,0.0,0.0,17.208168,0.020652
KMTA42,I,8252.2979,0.0,0.0,17.214913,0.022648
KMTA42,I,8252.30972,0.0,0.0,17.223442,0.031509
KMTA42,I,8252.32111,0.0,0.0,17.198949,0.027652
KMTA42,I,8253.01054,0.0,0.0,17.182315,0.016879
KMTA42,I,8253.01324,0.0,0.0,17.193164,0.016471
KMTA42,I,8253.02458,0.0,0.0,17.179251,0.015683
KMTA42,I,8253.03634,0.0,0.0,17.158668,0.01339
KMTA42,I,8253.0551,0.0,0.0,17.157141,0.014348
KMTA42,I,8253.06639,0.0,0.0,17.202139,0.014115
KMTA42,I,8253.07756,0.0,0.0,17.170775,0.01416
KMTA42,I,8253.09043,0.0,0.0,17.202494,0.014978
KMTA42,I,8253.10153,0.0,0.0,17.195407,0.022585
KMTA42,I,8253.11307,0.0,0.0,17.205685,0.023057
KMTA42,I,8253.13217,0.0,0.0,17.209943,0.016836
KMTA42,I,8253.14453,0.0,0.0,17.188091,0.015055
KMTA42,I,8253.15585,0.0,0.0,17.19954,0.015511
KMTA42,I,8253.16727,0.0,0.0,17.182197,0.016987
KMTA42,I,8253.17917,0.0,0.0,17.209588,0.015642
KMTA42,I,8253.19774,0.0,0.0,17.186912,0.020262
KMTA42,I,8253.20906,0.0,0.0,17.192574,0.024111
KMTA42,I,8253.22049,0.0,0.0,17.161605,0.025319
KMTA42,I,8253.23197,0.0,0.0,17.20604,0.022838
KMTA42,I,8253.24632,0.0,0.0,17.220953,0.029175
KMTA42,I,8253.26568,0.0,0.0,17.213966,0.031688
KMTA42,I,8253.2768,0.0,0.0,17.166306,0.020967
KMTA42,I,8253.28824,0.0,0.0,17.229964,0.035531
KMTA42,I,8253.3025,0.0,0.0,17.194344,0.022143
KMTA42,I,8253.31409,0.0,0.0,17.186558,0.022885
KMTA42,I,8254.00937,0.0,0.0,17.245523,0.037169
KMTA42,I,8254.0206,0.0,0.0,17.1842,0.029684
KMTA42,I,8254.03205,0.0,0.0,17.191512,0.024437
KMTA42,I,8254.04488,0.0,0.0,17.145876,0.028106
KMTA42,I,8254.0578,0.0,0.0,17.202612,0.029981
KMTA42,I,8254.07669,0.0,0.0,17.152562,0.100008
KMTA42,I,8254.08839,0.0,0.0,17.188563,0.025963
KMTA42,I,8254.09989,0.0,0.0,17.205212,0.032753
KMTA42,I,8254.11262,0.0,0.0,17.191276,0.025314
KMTA42,I,8254.12392,0.0,0.0,17.179605,0.01937
KMTA42,I,8254.14288,0.0,0.0,17.280095,0.088492
KMTA42,I,8254.15441,0.0,0.0,17.180547,0.023304
KMTA42,I,8254.16642,0.0,0.0,17.275674,0.088433
KMTA42,I,8254.17792,0.0,0.0,17.186322,0.022666
KMTA42,I,8254.1901,0.0,0.0,17.19458,0.048065
KMTA42,I,8254.20857,0.0,0.0,17.232693,0.029225
KMTA42,I,8254.2201,0.0,0.0,17.184672,0.021457
KMTA42,I,8254.2315,0.0,0.0,17.218821,0.024201
KMTA42,I,8254.2427,0.0,0.0,17.201194,0.023262
KMTA42,I,8254.2537,0.0,0.0,17.212664,0.020994
KMTA42,I,8254.26464,0.0,0.0,17.198359,0.023362
KMTA42,I,8254.28495,0.0,0.0,17.193754,0.021704
KMTA42,I,8254.29654,0.0,0.0,17.140485,0.038488
KMTA42,I,8254.30776,0.0,0.0,17.16807,0.022062
KMTA42,I,8254.31929,0.0,0.0,17.23032,0.021707
KMTA42,I,8254.32136,0.0,0.0,17.20805,0.02098
KMTA42,I,8254.33273,0.0,0.0,17.17666,0.034163
KMTA42,I,8255.00793,0.0,0.0,17.204266,0.019984
KMTA42,I,8255.02695,0.0,0.0,17.217044,0.020788
KMTA42,I,8255.03838,0.0,0.0,17.202021,0.020743
KMTA42,I,8255.05128,0.0,0.0,17.175719,0.019033
KMTA42,I,8255.06308,0.0,0.0,17.173717,0.019354
KMTA42,I,8255.07445,0.0,0.0,17.171952,0.016747
KMTA42,I,8255.09325,0.0,0.0,17.212901,0.016083
KMTA42,I,8255.1049,0.0,0.0,17.189388,0.014627
KMTA42,I,8255.1162,0.0,0.0,17.177485,0.016759
KMTA42,I,8255.12959,0.0,0.0,17.190096,0.016356
KMTA42,I,8255.14076,0.0,0.0,17.192102,0.017228
KMTA42,I,8255.16272,0.0,0.0,17.198477,0.018113
KMTA42,I,8255.17429,0.0,0.0,17.213611,0.022204
KMTA42,I,8255.1859,0.0,0.0,17.188445,0.021359
KMTA42,I,8255.2002,0.0,0.0,17.222256,0.01894
KMTA42,I,8255.21167,0.0,0.0,17.213611,0.022863
KMTA42,I,8255.23167,0.0,0.0,17.196824,0.018218
KMTA42,I,8255.24326,0.0,0.0,17.192692,0.018207
KMTA42,I,8255.25473,0.0,0.0,17.189506,0.017438
KMTA42,I,8255.26587,0.0,0.0,17.211954,0.019459
KMTA42,I,8255.27875,0.0,0.0,17.20805,0.020104
KMTA42,I,8255.29762,0.0,0.0,17.18986,0.022896
KMTA42,I,8255.31276,0.0,0.0,17.197532,0.024018
KMTA42,I,8256.00459,0.0,0.0,17.168305,0.020428
KMTA42,I,8256.01604,0.0,0.0,17.233405,0.019848
KMTA42,I,8256.02756,0.0,0.0,17.187265,0.019391
KMTA42,I,8256.04175,0.0,0.0,17.187855,0.01972
KMTA42,I,8256.06064,0.0,0.0,17.208996,0.022189
KMTA42,I,8256.07232,0.0,0.0,17.221545,0.024651
KMTA42,I,8256.08366,0.0,0.0,17.210652,0.023293
KMTA42,I,8256.095,0.0,0.0,17.213966,0.020888
KMTA42,I,8256.10639,0.0,0.0,17.198123,0.021388
KMTA42,I,8256.12426,0.0,0.0,17.17878,0.020567
KMTA42,I,8256.13524,0.0,0.0,17.186322,0.017105
KMTA42,I,8256.1469,0.0,0.0,17.19954,0.018552
KMTA42,I,8256.15834,0.0,0.0,17.210889,0.02055
KMTA42,I,8256.16954,0.0,0.0,17.186912,0.017866
KMTA42,I,8256.18062,0.0,0.0,17.198831,0.020515
KMTA42,I,8256.18204,0.0,0.0,17.22439,0.018071
KMTA42,I,8256.20109,0.0,0.0,17.222019,0.024763
KMTA42,I,8256.21406,0.0,0.0,17.191394,0.020275
KMTA42,I,8256.22531,0.0,0.0,17.189506,0.016788
KMTA42,I,8256.23831,0.0,0.0,17.195761,0.016585
KMTA42,I,8256.24937,0.0,0.0,17.187619,0.014839
KMTA42,I,8256.26983,0.0,0.0,17.171599,0.015451
KMTA42,I,8256.28222,0.0,0.0,17.178662,0.018063
KMTA42,I,8256.29504,0.0,0.0,17.201548,0.02118
KMTA42,I,8256.30616,0.0,0.0,17.193518,0.028071
KMTA42,I,8256.31752,0.0,0.0,17.174659,0.017511
KMTA42,I,8257.00967,0.0,0.0,17.22356,0.026534
KMTA42,I,8257.02792,0.0,0.0,17.163367,0.023139
KMTA42,I,8257.04245,0.0,0.0,17.222138,0.02686
KMTA42,I,8257.05376,0.0,0.0,17.195171,0.020723
KMTA42,I,8257.06524,0.0,0.0,17.207104,0.019883
KMTA42,I,8257.07659,0.0,0.0,17.218347,0.01653
KMTA42,I,8257.09543,0.0,0.0,17.170658,0.020217
KMTA42,I,8257.21199,0.0,0.0,17.146814,0.026142
KMTA42,I,8257.22326,0.0,0.0,17.185968,0.027602
KMTA42,I,8257.23446,0.0,0.0,17.160077,0.025095
KMTA42,I,8257.246,0.0,0.0,17.182432,0.025941
KMTA42,I,8257.26616,0.0,0.0,17.155967,0.024753
KMTA42,I,8257.27923,0.0,0.0,17.220005,0.034705
KMTA42,I,8257.29035,0.0,0.0,17.189978,0.029157
KMTA42,I,8257.30135,0.0,0.0,17.353534,0.063171
KMTA42,I,8257.31274,0.0,0.0,17.308843,0.045505
KMTA42,I,8258.00281,0.0,0.0,17.199067,0.027102
KMTA42,I,8258.02105,0.0,0.0,17.239818,0.028036
KMTA42,I,8258.03235,0.0,0.0,17.175365,0.026902
KMTA42,I,8258.04376,0.0,0.0,17.189152,0.025965
KMTA42,I,8258.04664,0.0,0.0,17.176425,0.024385
KMTA42,I,8258.05683,0.0,0.0,17.164308,0.024454
KMTA42,I,8258.0685,0.0,0.0,17.18479,0.024962
KMTA42,I,8258.09089,0.0,0.0,17.19765,0.030181
KMTA42,I,8258.1022,0.0,0.0,17.191984,0.027405
KMTA42,I,8258.11319,0.0,0.0,17.179605,0.025163
KMTA42,I,8258.1245,0.0,0.0,17.193754,0.021266
KMTA42,I,8258.13607,0.0,0.0,17.185379,0.023648
KMTA42,I,8258.15616,0.0,0.0,17.220242,0.023986
KMTA42,I,8258.16846,0.0,0.0,17.176425,0.023291
KMTA42,I,8258.18146,0.0,0.0,17.16513,0.023363
KMTA42,I,8258.19269,0.0,0.0,17.140485,0.02481
KMTA42,I,8258.20408,0.0,0.0,17.181018,0.02243
KMTA42,I,8258.21672,0.0,0.0,17.198241,0.02424
KMTA42,I,8259.01457,0.0,0.0,17.223205,0.053374
KMTA42,I,8259.03754,0.0,0.0,17.223086,0.072282
KMTA42,I,8259.04885,0.0,0.0,17.177249,0.05811
KMTA42,I,8259.05982,0.0,0.0,17.166189,0.042367
KMTA42,I,8259.08541,0.0,0.0,17.147166,0.027673
KMTA42,I,8259.09708,0.0,0.0,17.183257,0.025724
KMTA42,I,8259.10852,0.0,0.0,17.172658,0.022295
KMTA42,I,8259.12013,0.0,0.0,17.179016,0.017847
KMTA42,I,8259.13279,0.0,0.0,17.189506,0.020051
KMTA42,I,8259.15162,0.0,0.0,17.195761,0.024561
KMTA42,I,8259.16298,0.0,0.0,17.171246,0.017611
KMTA42,I,8259.99826,0.0,0.0,17.204503,0.027453
KMTA42,I,8260.01144,0.0,0.0,17.218821,0.089256
KMTA42,I,8260.02283,0.0,0.0,17.17878,0.022095
KMTA42,I,8260.04407,0.0,0.0,17.209469,0.033657
KMTA42,I,8260.057,0.0,0.0,17.214913,0.071641
KMTA42,I,8260.06811,0.0,0.0,17.204385,0.056779
KMTA42,I,8260.07951,0.0,0.0,17.196115,0.033593
KMTA42,I,8260.09115,0.0,0.0,17.12258,0.048799
KMTA42,I,8260.1093,0.0,0.0,17.188681,0.028382
KMTA42,I,8260.12048,0.0,0.0,17.183611,0.057277
KMTA42,I,8260.13167,0.0,0.0,17.177602,0.034607
KMTA42,I,8260.14377,0.0,0.0,17.299126,0.04937
KMTA42,I,8260.15536,0.0,0.0,17.171128,0.034686
KMTA42,I,8260.17623,0.0,0.0,17.34025,0.082857
KMTA42,I,8260.18861,0.0,0.0,17.163015,0.030584
KMTA42,I,8260.20137,0.0,0.0,17.289664,0.049411
KMTA42,I,8260.21264,0.0,0.0,17.167129,0.018034
KMTA42,I,8260.22394,0.0,0.0,17.185968,0.029911
KMTA42,I,8260.24301,0.0,0.0,17.144586,0.024824
KMTA42,I,8260.25418,0.0,0.0,17.283084,0.06574
KMTA42,I,8260.25698,0.0,0.0,17.292058,0.07381
KMTA42,I,8260.26875,0.0,0.0,17.233405,0.036881
KMTA42,I,8260.31069,0.0,0.0,17.160195,0.02827
KMTA42,I,8260.99882,0.0,0.0,17.214794,0.079088
KMTA42,I,8261.01006,0.0,0.0,17.174894,0.032174
KMTA42,I,8261.0213,0.0,0.0,17.181018,0.027912
KMTA42,I,8261.03245,0.0,0.0,17.219413,0.024534
KMTA42,I,8261.04421,0.0,0.0,17.163837,0.026093
KMTA42,I,8261.05724,0.0,0.0,17.146228,0.022214
KMTA42,I,8261.07527,0.0,0.0,17.178074,0.023515
KMTA42,I,8261.99483,0.0,0.0,17.169599,0.017066
KMTA42,I,8262.00558,0.0,0.0,17.175601,0.014921
KMTA42,I,8262.0171,0.0,0.0,17.166659,0.015118
KMTA42,I,8262.02808,0.0,0.0,17.175248,0.015998
KMTA42,I,8262.03176,0.0,0.0,17.148808,0.016047
KMTA42,I,8262.04994,0.0,0.0,17.152562,0.016271
KMTA42,I,8262.06144,0.0,0.0,17.182315,0.015258
KMTA42,I,8262.07308,0.0,0.0,17.172894,0.013203
KMTA42,I,8262.08409,0.0,0.0,17.177367,0.014495
KMTA42,I,8262.09524,0.0,0.0,17.16231,0.014037
KMTA42,I,8262.11334,0.0,0.0,17.169952,0.017066
KMTA42,I,8262.12435,0.0,0.0,17.145642,0.015396
KMTA42,I,8262.13552,0.0,0.0,17.146931,0.02026
KMTA42,I,8262.14727,0.0,0.0,17.168423,0.013408
KMTA42,I,8262.15834,0.0,0.0,17.170187,0.019889
KMTA42,I,8262.18025,0.0,0.0,17.143414,0.019599
KMTA42,I,8262.19162,0.0,0.0,17.145055,0.024171
KMTA42,I,8262.20309,0.0,0.0,17.173953,0.015995
KMTA42,I,8262.21402,0.0,0.0,17.142594,0.023836
KMTA42,I,8262.22521,0.0,0.0,17.157963,0.016499
KMTA42,I,8262.24285,0.0,0.0,17.156084,0.019416
KMTA42,I,8262.2544,0.0,0.0,17.15491,0.016707
KMTA42,I,8262.26557,0.0,0.0,17.179134,0.019914
KMTA42,I,8262.27679,0.0,0.0,17.192456,0.016795
KMTA42,I,8262.2887,0.0,0.0,17.174659,0.015565
KMTA42,I,8262.30762,0.0,0.0,17.149043,0.014546
KMTA42,I,8262.31894,0.0,0.0,17.175954,0.014707
KMTA42,I,8263.18398,0.0,0.0,17.153619,0.01746
KMTA42,I,8263.19542,0.0,0.0,17.142711,0.023292
KMTA42,I,8263.20675,0.0,0.0,17.120593,0.02431
KMTA42,I,8263.2248,0.0,0.0,17.175365,0.015567
KMTA42,I,8263.24041,0.0,0.0,17.174659,0.020882
KMTA42,I,8263.25178,0.0,0.0,17.163602,0.017809
KMTA42,I,8263.26934,0.0,0.0,17.166894,0.017276
KMTA42,I,8263.28059,0.0,0.0,17.161722,0.018563
KMTA42,I,8263.29925,0.0,0.0,17.167952,0.020209
KMTA42,I,8263.31022,0.0,0.0,17.200131,0.023039
KMTA42,I,8263.32152,0.0,0.0,17.16807,0.017387
KMTA42,I,8263.99077,0.0,0.0,17.175601,0.024163
KMTA42,I,8264.00222,0.0,0.0,17.181725,0.019703
KMTA42,I,8264.01341,0.0,0.0,17.166776,0.020532
KMTA42,I,8264.02473,0.0,0.0,17.173247,0.02066
KMTA42,I,8264.04242,0.0,0.0,17.17878,0.017846
KMTA42,I,8264.05348,0.0,0.0,17.188327,0.02125
KMTA42,I,8264.06512,0.0,0.0,17.185143,0.02299
KMTA42,I,8264.08188,0.0,0.0,17.161605,0.019865
KMTA42,I,8264.09303,0.0,0.0,17.205685,0.022618
KMTA42,I,8264.11143,0.0,0.0,17.1676,0.021516
KMTA42,I,8264.12257,0.0,0.0,17.167012,0.020315
KMTA42,I,8264.1339,0.0,0.0,17.152914,0.018974
KMTA42,I,8264.1452,0.0,0.0,17.179958,0.019371
KMTA42,I,8264.15673,0.0,0.0,17.147283,0.021673
KMTA42,I,8264.17819,0.0,0.0,17.197886,0.022154
KMTA42,I,8264.18955,0.0,0.0,17.182668,0.022107
KMTA42,I,8264.20055,0.0,0.0,17.166071,0.020204
KMTA42,I,8264.21332,0.0,0.0,17.191158,0.020602
KMTA42,I,8264.23065,0.0,0.0,17.153971,0.022674
KMTA42,I,8264.25924,0.0,0.0,17.167129,0.021623
KMTA42,I,8264.27082,0.0,0.0,17.173835,0.02372
KMTA42,I,8264.28371,0.0,0.0,17.163015,0.020957
KMTA42,I,8264.29483,0.0,0.0,17.136502,0.023273
KMTA42,I,8264.30648,0.0,0.0,17.162897,0.01824
KMTA42,I,8264.99393,0.0,0.0,17.174188,0.025692
KMTA42,I,8265.00531,0.0,0.0,17.173953,0.020335
KMTA42,I,8265.01651,0.0,0.0,17.162427,0.023464
KMTA42,I,8265.02804,0.0,0.0,17.166541,0.016086
KMTA42,I,8265.04196,0.0,0.0,17.145642,0.017118
KMTA42,I,8265.06049,0.0,0.0,17.141539,0.018079
KMTA42,I,8265.07236,0.0,0.0,17.172187,0.016423
KMTA42,I,8265.08351,0.0,0.0,17.196469,0.017782
KMTA42,I,8265.09502,0.0,0.0,17.166189,0.019117
KMTA42,I,8265.10637,0.0,0.0,17.149864,0.017559
KMTA42,I,8265.12727,0.0,0.0,17.129947,0.017189
KMTA42,I,8265.13848,0.0,0.0,17.155027,0.015523
KMTA42,I,8265.14992,0.0,0.0,17.155145,0.014987
KMTA42,I,8265.16175,0.0,0.0,17.182432,0.016663
KMTA42,I,8265.1765,0.0,0.0,17.176189,0.015676
KMTA42,I,8265.18784,0.0,0.0,17.160077,0.0178
KMTA42,I,8265.20563,0.0,0.0,17.164308,0.015866
KMTA42,I,8265.21795,0.0,0.0,17.161017,0.016937
KMTA42,I,8265.22917,0.0,0.0,17.153032,0.019191
KMTA42,I,8265.24029,0.0,0.0,17.159255,0.021927
KMTA42,I,8265.25581,0.0,0.0,17.174541,0.016644
KMTA42,I,8265.27655,0.0,0.0,17.195053,0.021598
KMTA42,I,8265.28754,0.0,0.0,17.184554,0.020038
KMTA42,I,8265.29871,0.0,0.0,17.16043,0.019645
KMTA42,I,8265.31007,0.0,0.0,17.165248,0.020746
KMTA42,I,8265.32123,0.0,0.0,17.200839,0.027439
KMTA42,I,8266.97669,0.0,0.0,17.153853,0.018218
KMTA42,I,8266.99485,0.0,0.0,17.133692,0.01806
KMTA42,I,8267.006,0.0,0.0,17.158668,0.017364
KMTA42,I,8267.02161,0.0,0.0,17.151858,0.017348
KMTA42,I,8267.03327,0.0,0.0,17.130064,0.017728
KMTA42,I,8267.04433,0.0,0.0,17.181961,0.01677
KMTA42,I,8267.06632,0.0,0.0,17.174777,0.015889
KMTA42,I,8267.07763,0.0,0.0,17.106234,0.026653
KMTA42,I,8267.09011,0.0,0.0,17.206158,0.031763
KMTA42,I,8267.10138,0.0,0.0,17.132404,0.025546
KMTA42,I,8267.11552,0.0,0.0,17.122463,0.030963
KMTA42,I,8267.13625,0.0,0.0,17.118957,0.028004
KMTA42,I,8267.14773,0.0,0.0,17.142945,0.017435
KMTA42,I,8267.15913,0.0,0.0,17.147166,0.017445
KMTA42,I,8267.17124,0.0,0.0,17.153971,0.01811
KMTA42,I,8267.18217,0.0,0.0,17.149512,0.018532
KMTA42,I,8267.20203,0.0,0.0,17.133926,0.017198
KMTA42,I,8267.21318,0.0,0.0,17.136736,0.022186
KMTA42,I,8267.22464,0.0,0.0,17.140719,0.021872
KMTA42,I,8267.23716,0.0,0.0,17.171717,0.019784
KMTA42,I,8267.2484,0.0,0.0,17.157493,0.023012
KMTA42,I,8267.27258,0.0,0.0,17.166894,0.024791
KMTA42,I,8267.28397,0.0,0.0,17.130532,0.022819
KMTA42,I,8267.29542,0.0,0.0,17.170187,0.021523
KMTA42,I,8267.30714,0.0,0.0,17.169481,0.023596
KMTA42,I,8267.31822,0.0,0.0,17.164895,0.021617
KMTA42,I,8267.97634,0.0,0.0,17.157845,0.032647
KMTA42,I,8267.99481,0.0,0.0,17.113585,0.032017
KMTA42,I,8269.04402,0.0,0.0,16.979202,0.128133
KMTA42,I,8269.21845,0.0,0.0,17.680798,0.269315
KMTA42,I,8269.24158,0.0,0.0,17.151389,0.195591
KMTA42,I,8269.27256,0.0,0.0,17.335548,0.153126
KMTA42,I,8269.28444,0.0,0.0,17.280812,0.155887
KMTA42,I,8269.29566,0.0,0.0,17.16372,0.11551
KMTA42,I,8269.30748,0.0,0.0,17.256591,0.187337
KMTA42,I,8269.96213,0.0,0.0,17.51128,0.171128
KMTA42,I,8269.9737,0.0,0.0,17.174306,0.114684
KMTA42,I,8269.99421,0.0,0.0,17.138376,0.089804
KMTA42,I,8270.00526,0.0,0.0,17.123866,0.093253
KMTA42,I,8270.01644,0.0,0.0,17.17878,0.084549
KMTA42,I,8270.02745,0.0,0.0,17.052073,0.072376
KMTA42,I,8270.04102,0.0,0.0,17.029982,0.068598
KMTA42,I,8270.06008,0.0,0.0,17.151976,0.066498
KMTA42,I,8270.07161,0.0,0.0,17.095045,0.065231
KMTA42,I,8270.08306,0.0,0.0,17.074923,0.074222
KMTA42,I,8270.09448,0.0,0.0,17.159842,0.067783
KMTA42,I,8270.10581,0.0,0.0,17.155497,0.075127
KMTA42,I,8270.12428,0.0,0.0,17.136034,0.07427
KMTA42,I,8270.13801,0.0,0.0,17.113585,0.071965
KMTA42,I,8270.14916,0.0,0.0,17.144,0.082495
KMTA42,I,8270.16012,0.0,0.0,17.098074,0.057821
KMTA42,I,8270.17152,0.0,0.0,17.050452,0.061708
KMTA42,I,8270.19193,0.0,0.0,17.157611,0.057291
KMTA42,I,8270.20344,0.0,0.0,17.123398,0.057576
KMTA42,I,8270.21488,0.0,0.0,17.241957,0.083975
KMTA42,I,8270.22607,0.0,0.0,17.200131,0.072711
KMTA42,I,8270.23776,0.0,0.0,17.071323,0.059801
KMTA42,I,8270.25625,0.0,0.0,17.119074,0.080465
KMTA42,I,8270.26721,0.0,0.0,17.279497,0.096229
KMTA42,I,8270.27863,0.0,0.0,17.122697,0.079735
KMTA42,I,8270.28987,0.0,0.0,17.18927,0.079134
KMTA42,I,8270.30707,0.0,0.0,17.211954,0.117071
KMTA42,I,8270.95953,0.0,0.0,17.140953,0.050897
KMTA42,I,8270.97098,0.0,0.0,17.191984,0.041082
KMTA42,I,8270.98945,0.0,0.0,17.139313,0.042102
KMTA42,I,8271.00115,0.0,0.0,17.135565,0.03923
KMTA42,I,8271.01258,0.0,0.0,17.077131,0.02937
KMTA42,I,8271.02375,0.0,0.0,17.12071,0.025397
KMTA42,I,8271.03492,0.0,0.0,17.192574,0.030049
KMTA42,I,8271.05359,0.0,0.0,17.176425,0.027894
KMTA42,I,8271.06511,0.0,0.0,17.17878,0.042551
KMTA42,I,8271.07633,0.0,0.0,17.065288,0.048763
KMTA42,I,8271.08788,0.0,0.0,17.134394,0.035937
KMTA42,I,8271.10199,0.0,0.0,17.111134,0.039758
KMTA42,I,8271.12049,0.0,0.0,17.126204,0.038086
KMTA42,I,8271.13176,0.0,0.0,17.189742,0.040517
KMTA42,I,8271.14314,0.0,0.0,17.200012,0.040133
KMTA42,I,8271.15438,0.0,0.0,17.143414,0.041357
KMTA42,I,8271.16591,0.0,0.0,17.16325,0.034759
KMTA42,I,8271.18533,0.0,0.0,17.153619,0.033835
KMTA42,I,8271.19838,0.0,0.0,17.143297,0.021118
KMTA42,I,8271.22667,0.0,0.0,17.195289,0.034804
KMTA42,I,8271.23849,0.0,0.0,17.16043,0.030135
KMTA42,I,8271.25717,0.0,0.0,17.141422,0.027979
KMTA42,I,8271.26878,0.0,0.0,17.12866,0.046097
KMTA42,I,8271.27989,0.0,0.0,17.105767,0.042461
KMTA42,I,8271.29164,0.0,0.0,17.133575,0.04536
KMTA42,I,8271.30784,0.0,0.0,17.277944,0.08274
KMTA42,I,8271.95684,0.0,0.0,17.295651,0.069014
KMTA42,I,8271.96781,0.0,0.0,17.107633,0.032973
KMTA42,I,8271.98662,0.0,0.0,17.114286,0.04579
KMTA42,I,8271.99782,0.0,0.0,17.191276,0.040525
KMTA42,I,8272.00913,0.0,0.0,17.159255,0.024546
KMTA42,I,8272.02039,0.0,0.0,17.110784,0.024061
KMTA42,I,8272.03179,0.0,0.0,17.123982,0.021823
KMTA42,I,8272.0504,0.0,0.0,17.153267,0.025837
KMTA42,I,8272.06209,0.0,0.0,17.132522,0.027837
KMTA42,I,8272.0738,0.0,0.0,17.133692,0.022503
KMTA42,I,8272.08554,0.0,0.0,17.154675,0.017031
KMTA42,I,8272.09692,0.0,0.0,17.148573,0.036115
KMTA42,I,8272.11579,0.0,0.0,17.129362,0.021404
KMTA42,I,8272.12752,0.0,0.0,17.147752,0.02211
KMTA42,I,8272.13859,0.0,0.0,17.17513,0.025586
KMTA42,I,8272.15717,0.0,0.0,17.100404,0.018626
KMTA42,I,8272.16852,0.0,0.0,17.143883,0.023187
KMTA42,I,8272.18814,0.0,0.0,17.135916,0.022401
KMTA42,I,8272.2033,0.0,0.0,17.125619,0.024435
KMTA42,I,8272.21477,0.0,0.0,17.139782,0.021869
KMTA42,I,8272.22617,0.0,0.0,17.134629,0.023158
KMTA42,I,8272.23815,0.0,0.0,17.153501,0.019735
KMTA42,I,8272.25862,0.0,0.0,17.137205,0.024908
KMTA42,I,8272.26995,0.0,0.0,17.143766,0.021881
KMTA42,I,8272.28163,0.0,0.0,17.138844,0.024478
KMTA42,I,8272.29327,0.0,0.0,17.14318,0.026456
KMTA42,I,8272.30788,0.0,0.0,17.127491,0.022919
KMTA42,I,8273.04983,0.0,0.0,17.145524,0.015503
KMTA42,I,8273.04983,0.0,0.0,17.145524,0.015503
KMTA42,I,8273.0627,0.0,0.0,17.132756,0.021088
KMTA42,I,8273.0627,0.0,0.0,17.132756,0.021088
KMTA42,I,8273.08181,0.0,0.0,17.126789,0.017397
KMTA42,I,8273.09309,0.0,0.0,17.166071,0.016517
KMTA42,I,8273.10423,0.0,0.0,17.151037,0.017562
KMTA42,I,8273.11703,0.0,0.0,17.151389,0.020924
KMTA42,I,8273.16003,0.0,0.0,17.140367,0.016137
KMTA42,I,8273.17142,0.0,0.0,17.146228,0.016042
KMTA42,I,8273.18284,0.0,0.0,17.129713,0.018266
KMTA42,I,8273.1939,0.0,0.0,17.156084,0.018874
KMTA42,I,8273.21217,0.0,0.0,17.149043,0.017125
KMTA42,I,8273.22352,0.0,0.0,17.130415,0.018376
KMTA42,I,8273.23497,0.0,0.0,17.148221,0.018312
KMTA42,I,8273.24612,0.0,0.0,17.162427,0.017698
KMTA42,I,8273.25752,0.0,0.0,17.140602,0.019484
KMTA42,I,8273.2912,0.0,0.0,17.136268,0.023054
KMTA42,I,8273.2927,0.0,0.0,17.136385,0.022293
KMTA42,I,8273.31011,0.0,0.0,17.112067,0.02526
KMTA42,I,8273.95168,0.0,0.0,17.126789,0.016215
KMTA42,I,8273.96741,0.0,0.0,17.15538,0.015739
KMTA42,I,8273.97874,0.0,0.0,17.155614,0.014345
KMTA42,I,8273.99048,0.0,0.0,17.127841,0.013016
KMTA42,I,8274.01086,0.0,0.0,17.149746,0.014761
KMTA42,I,8274.02181,0.0,0.0,17.134746,0.015052
KMTA42,I,8274.03302,0.0,0.0,17.138493,0.015703
KMTA42,I,8274.04515,0.0,0.0,17.131468,0.016655
KMTA42,I,8274.05673,0.0,0.0,17.155732,0.018006
KMTA42,I,8274.07519,0.0,0.0,17.121645,0.016096
KMTA42,I,8274.08715,0.0,0.0,17.125035,0.016855
KMTA42,I,8274.0987,0.0,0.0,17.137322,0.017853
KMTA42,I,8274.10974,0.0,0.0,17.11522,0.018124
KMTA42,I,8274.12511,0.0,0.0,17.161252,0.017803
KMTA42,I,8274.1445,0.0,0.0,17.1474,0.01669
KMTA42,I,8274.15557,0.0,0.0,17.147635,0.017554
KMTA42,I,8274.16676,0.0,0.0,17.115803,0.017694
KMTA42,I,8274.18032,0.0,0.0,17.140367,0.017969
KMTA42,I,8274.19156,0.0,0.0,17.119658,0.015556
KMTA42,I,8274.21312,0.0,0.0,17.132756,0.020871
KMTA42,I,8274.22446,0.0,0.0,17.131936,0.021195
KMTA42,I,8274.2357,0.0,0.0,17.141539,0.019703
KMTA42,I,8274.24693,0.0,0.0,17.094346,0.021521
KMTA42,I,8274.25824,0.0,0.0,17.136385,0.020339
KMTA42,I,8274.27635,0.0,0.0,17.105884,0.024262
KMTA42,I,8274.28785,0.0,0.0,17.106234,0.023071
KMTA42,I,8274.30897,0.0,0.0,17.16513,0.029386
KMTA42,I,8274.95586,0.0,0.0,16.788638,0.020046
KMTA42,I,8274.96765,0.0,0.0,16.757996,0.01729
KMTA42,I,8274.97863,0.0,0.0,16.788975,0.016619
KMTA42,I,8274.99712,0.0,0.0,16.780772,0.013826
KMTA42,I,8275.00858,0.0,0.0,16.772239,0.012286
KMTA42,I,8275.0199,0.0,0.0,16.772015,0.012794
KMTA42,I,8275.03121,0.0,0.0,16.783468,0.012706
KMTA42,I,8275.04273,0.0,0.0,16.767639,0.012686
KMTA42,I,8275.06164,0.0,0.0,16.790887,0.01292
KMTA42,I,8275.07332,0.0,0.0,16.790549,0.012919
KMTA42,I,8275.95513,0.0,0.0,16.876838,0.025612
KMTA42,I,8275.96984,0.0,0.0,16.908777,0.020516
KMTA42,I,8275.98121,0.0,0.0,16.893987,0.020377
KMTA42,I,8275.99214,0.0,0.0,16.903769,0.021454
KMTA42,I,8276.0107,0.0,0.0,16.908094,0.020514
KMTA42,I,8276.02235,0.0,0.0,16.880129,0.020767
KMTA42,I,8276.03368,0.0,0.0,16.860626,0.022615
KMTA42,I,8276.04478,0.0,0.0,16.921768,0.018857
KMTA42,I,8276.05604,0.0,0.0,16.929183,0.023424
KMTA42,I,8276.08586,0.0,0.0,16.908322,0.0308
KMTA42,I,8276.0972,0.0,0.0,16.927585,0.02714
KMTA42,I,8276.1086,0.0,0.0,16.917207,0.02562
KMTA42,I,8276.12015,0.0,0.0,16.88467,0.020882
KMTA42,I,8276.14097,0.0,0.0,16.867085,0.021578
KMTA42,I,8276.15245,0.0,0.0,16.93021,0.023958
KMTA42,I,8276.16393,0.0,0.0,16.908436,0.024853
KMTA42,I,8276.17716,0.0,0.0,16.902858,0.017451
KMTA42,I,8276.18861,0.0,0.0,16.892623,0.016908
KMTA42,I,8276.21414,0.0,0.0,16.916865,0.019901
KMTA42,I,8276.22566,0.0,0.0,16.915726,0.018107
KMTA42,I,8276.23711,0.0,0.0,16.889554,0.017216
KMTA42,I,8276.24822,0.0,0.0,16.906614,0.018194
KMTA42,I,8276.25958,0.0,0.0,16.917549,0.019059
KMTA42,I,8276.2781,0.0,0.0,16.928726,0.026824
KMTA42,I,8276.2896,0.0,0.0,16.974611,0.025684
KMTA42,I,8276.30078,0.0,0.0,16.979431,0.043302
KMTA42,I,8276.31604,0.0,0.0,16.941518,0.032091
KMTA42,I,8277.00888,0.0,0.0,16.796735,0.180981
KMTA42,I,8277.02028,0.0,0.0,16.920741,0.016542
KMTA42,I,8277.05001,0.0,0.0,16.918917,0.015805
KMTA42,I,8277.0614,0.0,0.0,16.928612,0.017923
KMTA42,I,8277.07244,0.0,0.0,16.91641,0.015591
KMTA42,I,8277.08361,0.0,0.0,16.913219,0.015899
KMTA42,I,8277.09504,0.0,0.0,16.931352,0.015932
KMTA42,I,8277.11695,0.0,0.0,16.925303,0.014876
KMTA42,I,8277.12848,0.0,0.0,16.92211,0.015706
KMTA42,I,8277.14166,0.0,0.0,16.952725,0.045096
KMTA42,I,8277.15296,0.0,0.0,16.924961,0.015816
KMTA42,I,8277.16417,0.0,0.0,16.952496,0.016076
KMTA42,I,8277.17549,0.0,0.0,16.910827,0.015477
KMTA42,I,8277.19327,0.0,0.0,16.920969,0.015495
KMTA42,I,8277.21596,0.0,0.0,16.931808,0.018035
KMTA42,I,8277.22738,0.0,0.0,16.932037,0.018668
KMTA42,I,8277.24163,0.0,0.0,16.937518,0.017415
KMTA42,I,8277.25989,0.0,0.0,16.976332,0.018552
KMTA42,I,8277.27141,0.0,0.0,16.969794,0.021405
KMTA42,I,8277.28294,0.0,0.0,16.943804,0.023783
KMTA42,I,8277.29426,0.0,0.0,16.903086,0.03057
KMTA42,I,8277.30388,0.0,0.0,16.935919,0.04715
KMTA42,I,8280.20494,0.0,0.0,16.985288,0.01836
KMTA42,I,8280.2162,0.0,0.0,16.987931,0.018578
KMTA42,I,8280.23439,0.0,0.0,16.98977,0.017416
KMTA42,I,8280.25919,0.0,0.0,17.016825,0.017792
KMTA42,I,8280.27062,0.0,0.0,16.997359,0.018068
KMTA42,I,8280.28195,0.0,0.0,17.00438,0.016599
KMTA42,I,8280.2909,0.0,0.0,16.939461,0.019847
KMTA42,I,8280.94128,0.0,0.0,17.009217,0.021506
KMTA42,I,8280.96019,0.0,0.0,16.996324,0.021366
KMTA42,I,8280.97154,0.0,0.0,16.981843,0.017717
KMTA42,I,8280.98266,0.0,0.0,16.974152,0.01538
KMTA42,I,8280.99676,0.0,0.0,17.013135,0.017359
KMTA42,I,8281.00824,0.0,0.0,16.97507,0.014647
KMTA42,I,8281.02803,0.0,0.0,16.997244,0.013533
KMTA42,I,8281.03924,0.0,0.0,16.978857,0.013086
KMTA42,I,8281.05096,0.0,0.0,16.982187,0.012779
KMTA42,I,8281.0625,0.0,0.0,16.9753,0.012976
KMTA42,I,8281.07404,0.0,0.0,16.981728,0.013716
KMTA42,I,8281.09258,0.0,0.0,16.974497,0.013392
KMTA42,I,8281.10432,0.0,0.0,16.991494,0.013732
KMTA42,I,8281.11581,0.0,0.0,16.972087,0.013388
KMTA42,I,8281.12721,0.0,0.0,16.985173,0.013304
KMTA42,I,8281.16016,0.0,0.0,16.986782,0.014458
KMTA42,I,8281.17145,0.0,0.0,16.976562,0.013499
KMTA42,I,8281.23846,0.0,0.0,16.945633,0.026876
KMTA42,I,8281.26201,0.0,0.0,17.000926,0.023088
KMTA42,I,8281.27322,0.0,0.0,16.971285,0.023006
KMTA42,I,8281.29119,0.0,0.0,16.98345,0.04031
KMTA42,I,8281.95561,0.0,0.0,16.995289,0.017004
KMTA42,I,8281.97538,0.0,0.0,17.011407,0.015027
KMTA42,I,8281.98669,0.0,0.0,16.985633,0.016244
KMTA42,I,8281.99857,0.0,0.0,16.985863,0.015928
KMTA42,I,8282.01249,0.0,0.0,17.000581,0.015851
KMTA42,I,8282.02398,0.0,0.0,16.974038,0.01517
KMTA42,I,8282.04408,0.0,0.0,16.997014,0.015317
KMTA42,I,8282.05551,0.0,0.0,16.986667,0.015825
KMTA42,I,8282.06666,0.0,0.0,17.03969,0.01891
KMTA42,I,8282.07468,0.0,0.0,17.005416,0.017979
KMTA42,I,8282.08642,0.0,0.0,16.999315,0.01606
KMTA42,I,8282.09869,0.0,0.0,17.008872,0.017244
KMTA42,I,8282.11967,0.0,0.0,16.999315,0.017648
KMTA42,I,8282.1317,0.0,0.0,17.011868,0.016084
KMTA42,I,8282.14305,0.0,0.0,17.011291,0.017249
KMTA42,I,8282.15448,0.0,0.0,16.999315,0.015005
KMTA42,I,8282.17912,0.0,0.0,17.002423,0.0167
KMTA42,I,8282.19139,0.0,0.0,17.02467,0.019408
KMTA42,I,8282.20285,0.0,0.0,17.057055,0.020452
KMTA42,I,8282.21442,0.0,0.0,17.037609,0.0289
KMTA42,I,8282.22589,0.0,0.0,17.008757,0.025039
KMTA42,I,8282.23704,0.0,0.0,16.987701,0.022304
KMTA42,I,8282.27911,0.0,0.0,16.985288,0.043547
KMTA42,I,8282.28902,0.0,0.0,16.991839,0.030026
KMTA42,I,8282.96035,0.0,0.0,17.007835,0.018516
KMTA42,I,8282.97143,0.0,0.0,17.011868,0.017994
KMTA42,I,8282.98272,0.0,0.0,17.001042,0.018395
KMTA42,I,8283.00142,0.0,0.0,17.004265,0.018721
KMTA42,I,8283.01265,0.0,0.0,17.015095,0.01662
KMTA42,I,8283.02529,0.0,0.0,16.963948,0.014733
KMTA42,I,8283.03775,0.0,0.0,16.994714,0.016051
KMTA42,I,8283.04955,0.0,0.0,17.012098,0.015556
KMTA42,I,8283.07168,0.0,0.0,16.995174,0.014893
KMTA42,I,8283.08337,0.0,0.0,16.987356,0.015404
KMTA42,I,8283.0982,0.0,0.0,16.985288,0.013827
KMTA42,I,8283.10908,0.0,0.0,16.994254,0.017849
KMTA42,I,8283.13036,0.0,0.0,17.009102,0.014602
KMTA42,I,8283.13327,0.0,0.0,17.012905,0.01651
KMTA42,I,8283.15115,0.0,0.0,17.017747,0.014196
KMTA42,I,8283.16208,0.0,0.0,17.002998,0.016384
KMTA42,I,8283.17388,0.0,0.0,17.014634,0.014296
KMTA42,I,8283.18521,0.0,0.0,17.006338,0.014913
KMTA42,I,8283.20425,0.0,0.0,17.041078,0.01934
KMTA42,I,8283.21516,0.0,0.0,17.005301,0.016812
KMTA42,I,8283.23328,0.0,0.0,17.006683,0.016921
KMTA42,I,8283.24434,0.0,0.0,17.014288,0.018957
KMTA42,I,8283.25558,0.0,0.0,17.011752,0.017462
KMTA42,I,8283.29011,0.0,0.0,16.961427,0.111397
KMTA42,I,8283.93755,0.0,0.0,17.029289,0.02006
KMTA42,I,8283.94863,0.0,0.0,17.003344,0.02021
KMTA42,I,8283.96678,0.0,0.0,17.009102,0.018838
KMTA42,I,8283.98008,0.0,0.0,17.034372,0.018683
KMTA42,I,8283.99305,0.0,0.0,17.004841,0.017554
KMTA42,I,8284.00613,0.0,0.0,16.993564,0.018166
KMTA42,I,8284.01715,0.0,0.0,17.010485,0.016082
KMTA42,I,8284.05274,0.0,0.0,17.017055,0.015671
KMTA42,I,8284.06421,0.0,0.0,17.004956,0.014279
KMTA42,I,8284.07574,0.0,0.0,17.019016,0.015147
KMTA42,I,8284.08713,0.0,0.0,17.000121,0.013747
KMTA42,I,8284.09881,0.0,0.0,16.996209,0.014789
KMTA42,I,8284.12397,0.0,0.0,17.012559,0.014187
KMTA42,I,8284.13521,0.0,0.0,17.001732,0.013959
KMTA42,I,8284.14678,0.0,0.0,17.046863,0.014776
KMTA42,I,8284.1581,0.0,0.0,17.029404,0.014217
KMTA42,I,8284.17867,0.0,0.0,17.025594,0.014737
KMTA42,I,8284.19772,0.0,0.0,17.015095,0.014823
KMTA42,I,8284.20924,0.0,0.0,17.022247,0.015258
KMTA42,I,8284.22248,0.0,0.0,17.034372,0.015599
KMTA42,I,8284.23339,0.0,0.0,17.003344,0.016596
KMTA42,I,8284.24428,0.0,0.0,17.033216,0.016764
KMTA42,I,8284.26266,0.0,0.0,17.030097,0.01697
KMTA42,I,8284.2824,0.0,0.0,17.02848,0.01803
KMTA42,I,8285.15453,0.0,0.0,17.056012,0.021201
KMTA42,I,8285.16539,0.0,0.0,17.026517,0.019733
KMTA42,I,8285.17644,0.0,0.0,17.048715,0.018183
KMTA42,I,8285.19219,0.0,0.0,17.017286,0.017474
KMTA42,I,8285.21521,0.0,0.0,16.881945,0.083735
KMTA42,I,8285.22846,0.0,0.0,17.013251,0.117395
KMTA42,I,8285.23955,0.0,0.0,17.099006,0.066577
KMTA42,I,8285.25051,0.0,0.0,17.0204,0.019078
KMTA42,I,8285.26172,0.0,0.0,17.103435,0.320911
KMTA42,I,8285.28031,0.0,0.0,16.983221,0.080396
KMTA42,I,8285.98271,0.0,0.0,17.153149,0.072789
KMTA42,I,8286.03571,0.0,0.0,17.017055,0.059505
KMTA42,I,8288.92983,0.0,0.0,17.024324,0.020155
KMTA42,I,8288.94139,0.0,0.0,17.030559,0.019315
KMTA42,I,8288.95259,0.0,0.0,17.021323,0.01972
KMTA42,I,8288.96431,0.0,0.0,17.008757,0.016713
KMTA42,I,8288.97582,0.0,0.0,17.038765,0.016881
KMTA42,I,8288.99371,0.0,0.0,17.006683,0.016391
KMTA42,I,8289.00511,0.0,0.0,17.018093,0.016414
KMTA42,I,8289.01639,0.0,0.0,17.021208,0.014623
KMTA42,I,8289.02918,0.0,0.0,17.032408,0.018039
KMTA42,I,8289.04052,0.0,0.0,17.007489,0.018516
KMTA42,I,8289.0613,0.0,0.0,17.035297,0.015919
KMTA42,I,8289.07289,0.0,0.0,17.040037,0.020515
KMTA42,I,8289.08535,0.0,0.0,17.0106,0.025366
KMTA42,I,8289.09924,0.0,0.0,17.071556,0.047931
KMTA42,I,8289.11121,0.0,0.0,17.009333,0.036445
KMTA42,I,8289.12967,0.0,0.0,17.104834,0.043548
KMTA42,I,8289.14092,0.0,0.0,17.059953,0.041993
KMTA42,I,8289.15232,0.0,0.0,17.054854,0.053806
KMTA42,I,8289.1679,0.0,0.0,17.053463,0.069452
KMTA42,I,8289.17925,0.0,0.0,17.031021,0.045197
KMTA42,I,8289.2006,0.0,0.0,17.003229,0.027489
KMTA42,I,8289.21175,0.0,0.0,16.980579,0.019092
KMTA42,I,8289.22299,0.0,0.0,17.010024,0.031491
KMTA42,I,8289.23436,0.0,0.0,17.028942,0.023704
KMTA42,I,8289.25348,0.0,0.0,17.028365,0.029513
KMTA42,I,8289.27262,0.0,0.0,17.074459,0.056882
KMTA42,I,8289.95262,0.0,0.0,16.995519,0.033586
KMTA42,I,8290.00408,0.0,0.0,16.981383,0.087496
KMTA42,I,8290.0151,0.0,0.0,17.079455,0.042751
KMTA42,I,8290.02687,0.0,0.0,17.05022,0.032298
KMTA42,I,8290.03837,0.0,0.0,17.143649,0.052015
KMTA42,I,8290.04992,0.0,0.0,17.079571,0.064118
KMTA42,I,8290.06927,0.0,0.0,16.839696,0.077411
KMTA42,I,8290.08046,0.0,0.0,17.07655,0.088531
KMTA42,I,8290.0924,0.0,0.0,16.754635,0.156
KMTA42,I,8290.10453,0.0,0.0,17.033679,0.032663
KMTA42,I,8290.12091,0.0,0.0,17.066564,0.053559
KMTA42,I,8290.13955,0.0,0.0,17.051494,0.064107
KMTA42,I,8290.15072,0.0,0.0,17.070859,0.075819
KMTA42,I,8290.17304,0.0,0.0,16.864478,0.131695
KMTA42,I,8290.18383,0.0,0.0,17.223916,0.138212
KMTA42,I,8290.20194,0.0,0.0,17.147987,0.105676
KMTA42,I,8290.22506,0.0,0.0,16.873774,0.115947
KMTA42,I,8290.25223,0.0,0.0,17.166306,0.073141
KMTA42,I,8290.26314,0.0,0.0,17.095162,0.100231
KMTA42,I,8290.27894,0.0,0.0,17.106584,0.088329
KMTA42,I,8290.91879,0.0,0.0,16.946319,0.022195
KMTA42,I,8290.93937,0.0,0.0,16.987012,0.023369
KMTA42,I,8290.9505,0.0,0.0,16.987586,0.026045
KMTA42,I,8290.96962,0.0,0.0,16.992414,0.034972
KMTA42,I,8290.98076,0.0,0.0,16.979431,0.028589
KMTA42,I,8290.99197,0.0,0.0,16.96773,0.020974
KMTA42,I,8291.01202,0.0,0.0,16.96326,0.019901
KMTA42,I,8291.02359,0.0,0.0,16.946433,0.019757
KMTA42,I,8291.03479,0.0,0.0,16.964635,0.017047
KMTA42,I,8291.04644,0.0,0.0,17.00772,0.018197
KMTA42,I,8291.05745,0.0,0.0,16.980235,0.015812
KMTA42,I,8291.07598,0.0,0.0,16.957877,0.015036
KMTA42,I,8291.08777,0.0,0.0,16.955701,0.014928
KMTA42,I,8291.10264,0.0,0.0,16.970023,0.015268
KMTA42,I,8291.1145,0.0,0.0,16.961885,0.014206
KMTA42,I,8291.1265,0.0,0.0,16.960167,0.01389
KMTA42,I,8291.15495,0.0,0.0,16.961542,0.016093
KMTA42,I,8291.17172,0.0,0.0,16.948721,0.01304
KMTA42,I,8291.18348,0.0,0.0,16.954671,0.013777
KMTA42,I,8291.19544,0.0,0.0,16.93295,0.013639
KMTA42,I,8291.207,0.0,0.0,16.982532,0.014241
KMTA42,I,8291.2259,0.0,0.0,16.980005,0.015812
KMTA42,I,8291.23717,0.0,0.0,16.950322,0.014814
KMTA42,I,8291.25042,0.0,0.0,16.932379,0.017825
KMTA42,I,8291.26887,0.0,0.0,16.941975,0.018478
KMTA42,I,8291.92049,0.0,0.0,16.81464,0.018327
KMTA42,I,8291.93155,0.0,0.0,16.800674,0.016743
KMTA42,I,8291.95002,0.0,0.0,16.792911,0.014871
KMTA42,I,8291.96221,0.0,0.0,16.794935,0.016422
KMTA42,I,8291.97373,0.0,0.0,16.783918,0.014138
KMTA42,I,8291.98468,0.0,0.0,16.760686,0.01339
KMTA42,I,8291.99624,0.0,0.0,16.759902,0.012981
KMTA42,I,8292.0166,0.0,0.0,16.698883,0.021938
KMTA42,I,8292.01749,0.0,0.0,16.718848,0.020529
KMTA42,I,8292.01827,0.0,0.0,16.761247,0.028336
KMTA42,I,8292.01934,0.0,0.0,16.702226,0.027134
KMTA42,I,8292.02086,0.0,0.0,16.686188,0.022739
KMTA42,I,8292.02209,0.0,0.0,16.77527,0.028167
KMTA42,I,8292.03218,0.0,0.0,16.713379,0.011913
KMTA42,I,8292.04356,0.0,0.0,16.671951,0.011866
KMTA42,I,8292.05864,0.0,0.0,16.643867,0.011138
KMTA42,I,8292.07204,0.0,0.0,16.623929,0.011615
KMTA42,I,8292.08865,0.0,0.0,16.59994,0.012389
KMTA42,I,8292.10087,0.0,0.0,16.595192,0.010991
KMTA42,I,8292.12044,0.0,0.0,16.595744,0.012485
KMTA42,I,8292.13156,0.0,0.0,16.59751,0.014094
KMTA42,I,8292.14326,0.0,0.0,16.608004,0.011301
KMTA42,I,8292.1549,0.0,0.0,16.626253,0.012117
KMTA42,I,8292.15798,0.0,0.0,16.632343,0.011824
KMTA42,I,8292.1678,0.0,0.0,16.616185,0.013512
KMTA42,I,8292.18783,0.0,0.0,16.655957,0.013459
KMTA42,I,8292.22464,0.0,0.0,16.727895,0.019718
KMTA42,I,8292.23571,0.0,0.0,16.748027,0.014088
KMTA42,I,8292.24731,0.0,0.0,16.765508,0.015035
KMTA42,I,8292.26559,0.0,0.0,16.852814,0.017669
KMTA42,I,8292.91233,0.0,0.0,17.158668,0.030785
KMTA42,I,8292.928,0.0,0.0,17.154088,0.028246
KMTA42,I,8292.94601,0.0,0.0,17.17054,0.023053
KMTA42,I,8292.95699,0.0,0.0,17.1609,0.023132
KMTA42,I,8292.96821,0.0,0.0,17.176425,0.022962
KMTA42,I,8292.9794,0.0,0.0,17.194934,0.019848
KMTA42,I,8292.99087,0.0,0.0,17.151037,0.021032
KMTA42,I,8293.01067,0.0,0.0,17.166424,0.0189
KMTA42,I,8293.02209,0.0,0.0,17.15902,0.017906
KMTA42,I,8293.03329,0.0,0.0,17.163485,0.021612
KMTA42,I,8293.04445,0.0,0.0,17.157376,0.022466
KMTA42,I,8293.05568,0.0,0.0,17.16231,0.021827
KMTA42,I,8293.08142,0.0,0.0,17.166071,0.021184
KMTA42,I,8293.09687,0.0,0.0,17.181018,0.022211
KMTA42,I,8293.11198,0.0,0.0,17.201785,0.020414
KMTA42,I,8293.12345,0.0,0.0,17.164072,0.01781
KMTA42,I,8293.12634,0.0,0.0,17.179487,0.016872
KMTA42,I,8293.13623,0.0,0.0,17.146814,0.015613
KMTA42,I,8293.15448,0.0,0.0,17.146228,0.017983
KMTA42,I,8293.1656,0.0,0.0,17.174188,0.015672
KMTA42,I,8293.17672,0.0,0.0,17.163955,0.01846
KMTA42,I,8293.18808,0.0,0.0,17.185379,0.017971
KMTA42,I,8293.19941,0.0,0.0,17.16854,0.017713
KMTA42,I,8293.2189,0.0,0.0,17.189388,0.018308
KMTA42,I,8293.23011,0.0,0.0,17.136385,0.02349
KMTA42,I,8293.24155,0.0,0.0,17.184082,0.022877
KMTA42,I,8293.25996,0.0,0.0,17.129596,0.025101
KMTA42,I,8293.93677,0.0,0.0,17.147049,0.026143
KMTA42,I,8293.94805,0.0,0.0,17.209588,0.026812
KMTA42,I,8293.95895,0.0,0.0,17.16231,0.021609
KMTA42,I,8293.96995,0.0,0.0,17.182668,0.022545
KMTA42,I,8293.98127,0.0,0.0,17.153853,0.020496
KMTA42,I,8294.00025,0.0,0.0,17.15902,0.022689
KMTA42,I,8294.01164,0.0,0.0,17.17772,0.020019
KMTA42,I,8294.02271,0.0,0.0,17.141773,0.019487
KMTA42,I,8294.03386,0.0,0.0,17.204385,0.020969
KMTA42,I,8294.04481,0.0,0.0,17.149629,0.021354
KMTA42,I,8294.06338,0.0,0.0,17.183139,0.020579
KMTA42,I,8294.07458,0.0,0.0,17.15045,0.018318
KMTA42,I,8294.0855,0.0,0.0,17.186912,0.020044
KMTA42,I,8294.0967,0.0,0.0,17.174306,0.018161
KMTA42,I,8294.10815,0.0,0.0,17.182904,0.018508
KMTA42,I,8294.12639,0.0,0.0,17.182432,0.018725
KMTA42,I,8294.13752,0.0,0.0,17.160782,0.016829
KMTA42,I,8294.14938,0.0,0.0,17.191158,0.018857
KMTA42,I,8294.16083,0.0,0.0,17.167952,0.0201
KMTA42,I,8294.17191,0.0,0.0,17.180076,0.029337
KMTA42,I,8294.19003,0.0,0.0,17.173011,0.023936
KMTA42,I,8294.20138,0.0,0.0,17.157023,0.023992
KMTA42,I,8294.21246,0.0,0.0,17.135682,0.029487
KMTA42,I,8294.22561,0.0,0.0,17.147518,0.027346
KMTA42,I,8294.23679,0.0,0.0,17.140133,0.026773
KMTA42,I,8294.2544,0.0,0.0,17.149629,0.028558
KMTA42,I,8294.25655,0.0,0.0,17.145173,0.027228
KMTA42,I,8294.92404,0.0,0.0,17.185968,0.025624
KMTA42,I,8294.94332,0.0,0.0,17.196942,0.024895
KMTA42,I,8294.96066,0.0,0.0,17.152445,0.020927
KMTA42,I,8294.9775,0.0,0.0,17.184907,0.019058
KMTA42,I,8294.99426,0.0,0.0,17.202375,0.01845
KMTA42,I,8295.02238,0.0,0.0,17.175483,0.018924
KMTA42,I,8295.03921,0.0,0.0,17.175365,0.022412
KMTA42,I,8295.05644,0.0,0.0,17.160547,0.020189
KMTA42,I,8295.07406,0.0,0.0,17.186322,0.023871
KMTA42,I,8295.09124,0.0,0.0,17.169364,0.029403
KMTA42,I,8295.11227,0.0,0.0,17.148925,0.029759
KMTA42,I,8295.13607,0.0,0.0,17.153032,0.029995
KMTA42,I,8295.15288,0.0,0.0,17.130883,0.031981
KMTA42,I,8295.1711,0.0,0.0,17.117439,0.038916
KMTA42,I,8295.18776,0.0,0.0,17.227236,0.040956
KMTA42,I,8295.20852,0.0,0.0,17.194344,0.049281
KMTA42,I,8295.23253,0.0,0.0,17.248616,0.056696
KMTA42,I,8295.24535,0.0,0.0,17.357525,0.062984
KMTA42,I,8295.89567,0.0,0.0,17.144,0.042348
KMTA42,I,8295.91291,0.0,0.0,17.172423,0.038987
KMTA42,I,8295.93105,0.0,0.0,17.18255,0.037718
KMTA42,I,8295.94858,0.0,0.0,17.181254,0.039255
KMTA42,I,8295.96632,0.0,0.0,17.159725,0.03716
KMTA42,I,8295.99528,0.0,0.0,17.186912,0.03333
KMTA42,I,8296.01241,0.0,0.0,17.170658,0.033584
KMTA42,I,8296.02895,0.0,0.0,17.173011,0.033595
KMTA42,I,8296.04705,0.0,0.0,17.133926,0.031229
KMTA42,I,8296.0639,0.0,0.0,17.147283,0.035341
KMTA42,I,8296.09397,0.0,0.0,17.120242,0.055798
KMTA42,I,8296.11318,0.0,0.0,17.113118,0.057607
KMTA42,I,8296.13023,0.0,0.0,17.022247,0.071133
KMTA42,I,8296.1483,0.0,0.0,17.187383,0.055979
KMTA42,I,8296.16537,0.0,0.0,17.139313,0.072983
KMTA42,I,8299.87872,0.0,0.0,17.160782,0.031782
KMTA42,I,8299.89595,0.0,0.0,17.223323,0.040489
KMTA42,I,8299.91286,0.0,0.0,17.232337,0.044877
KMTA42,I,8299.94657,0.0,0.0,17.239699,0.063199
KMTA42,I,8299.97391,0.0,0.0,17.625325,0.190668
KMTA42,I,8299.99104,0.0,0.0,17.430167,0.241559
KMTA42,I,8300.00836,0.0,0.0,17.137673,0.083635
KMTA42,I,8300.02773,0.0,0.0,17.165836,0.040492
KMTA42,I,8300.0445,0.0,0.0,17.18644,0.043038
KMTA42,I,8300.07549,0.0,0.0,17.148691,0.044133
KMTA42,I,8300.09255,0.0,0.0,17.074343,0.07258
KMTA42,I,8300.10988,0.0,0.0,17.265291,0.087848
KMTA42,I,8300.12644,0.0,0.0,17.227236,0.104292
KMTA42,I,8300.14433,0.0,0.0,16.874342,0.178527
KMTA42,I,8300.1662,0.0,0.0,17.056476,0.284339
KMTA42,I,8300.19018,0.0,0.0,17.022477,0.147239
KMTA42,I,8300.21153,0.0,0.0,16.826708,0.185469
KMTA42,I,8300.89244,0.0,0.0,17.172305,0.032162
KMTA42,I,8300.91038,0.0,0.0,17.177367,0.028557
KMTA42,I,8300.92764,0.0,0.0,17.195407,0.025658
KMTA42,I,8300.94431,0.0,0.0,17.222256,0.047033
KMTA42,I,8300.96101,0.0,0.0,17.191512,0.032248
KMTA42,I,8300.98491,0.0,0.0,17.176543,0.027675
KMTA42,I,8301.00935,0.0,0.0,17.197296,0.02292
KMTA42,I,8301.02625,0.0,0.0,17.157845,0.022795
KMTA42,I,8301.04377,0.0,0.0,17.215268,0.027937
KMTA42,I,8301.06088,0.0,0.0,17.171246,0.021854
KMTA42,I,8301.08145,0.0,0.0,17.245523,0.038838
KMTA42,I,8301.10816,0.0,0.0,17.269705,0.044789
KMTA42,I,8301.12496,0.0,0.0,17.206631,0.034307
KMTA42,I,8301.1418,0.0,0.0,17.156084,0.033078
KMTA42,I,8301.1589,0.0,0.0,16.835289,0.167589
KMTA42,I,8301.17543,0.0,0.0,17.19399,0.048615
KMTA42,I,8301.20794,0.0,0.0,17.268392,0.063019
KMTA42,I,8302.10263,0.0,0.0,17.212782,0.029472
KMTA42,I,8302.12169,0.0,0.0,17.162075,0.026306
KMTA42,I,8302.13852,0.0,0.0,17.152093,0.027801
KMTA42,I,8302.15535,0.0,0.0,17.175483,0.029538
KMTA42,I,8302.18294,0.0,0.0,17.246118,0.033836
KMTA42,I,8302.20023,0.0,0.0,17.191866,0.033132
KMTA42,I,8302.21675,0.0,0.0,17.173129,0.033486
KMTA42,I,8302.2299,0.0,0.0,17.169011,0.033687
KMTA42,I,8302.87044,0.0,0.0,17.201666,0.028764
KMTA42,I,8302.88998,0.0,0.0,17.1842,0.025947
KMTA42,I,8302.93297,0.0,0.0,17.23032,0.027002
KMTA42,I,8302.95889,0.0,0.0,17.192102,0.027625
KMTA42,I,8302.9757,0.0,0.0,17.210534,0.028911
KMTA42,I,8302.99215,0.0,0.0,17.184554,0.024522
KMTA42,I,8303.00901,0.0,0.0,17.206158,0.022729
KMTA42,I,8303.03178,0.0,0.0,17.168188,0.023046
KMTA42,I,8303.05586,0.0,0.0,17.20143,0.023043
KMTA42,I,8303.07277,0.0,0.0,17.231981,0.026235
KMTA42,I,8303.09,0.0,0.0,17.166189,0.020204
KMTA42,I,8303.1239,0.0,0.0,17.182904,0.022764
KMTA42,I,8303.15219,0.0,0.0,17.211954,0.022968
KMTA42,I,8303.17187,0.0,0.0,17.196233,0.025551
KMTA42,I,8303.18903,0.0,0.0,17.250043,0.0343
KMTA42,I,8303.20663,0.0,0.0,17.153736,0.032738
KMTA42,I,8303.22372,0.0,0.0,17.220479,0.02586
KMTA42,I,8303.2362,0.0,0.0,17.212072,0.092282
KMTA42,I,8303.87509,0.0,0.0,17.227829,0.02115
KMTA42,I,8303.89174,0.0,0.0,17.212782,0.020337
KMTA42,I,8303.9086,0.0,0.0,17.193282,0.017991
KMTA42,I,8303.93009,0.0,0.0,17.169129,0.016632
KMTA42,I,8303.94724,0.0,0.0,17.194816,0.015933
KMTA42,I,8303.96943,0.0,0.0,17.200839,0.016055
KMTA42,I,8303.99473,0.0,0.0,17.188091,0.013337
KMTA42,I,8304.01168,0.0,0.0,17.19765,0.01486
KMTA42,I,8304.02824,0.0,0.0,17.231981,0.032324
KMTA42,I,8304.04492,0.0,0.0,17.171599,0.030071
KMTA42,I,8304.06486,0.0,0.0,17.179487,0.018174
KMTA42,I,8304.10162,0.0,0.0,17.171011,0.03942
KMTA42,I,8304.11839,0.0,0.0,17.190922,0.022571
KMTA42,I,8304.13561,0.0,0.0,17.177485,0.034387
KMTA42,I,8304.15252,0.0,0.0,17.17878,0.08466
KMTA42,I,8304.16946,0.0,0.0,17.20604,0.040057
KMTA42,I,8304.22027,0.0,0.0,17.18255,0.020032
KMTA42,I,8305.88139,0.0,0.0,17.222731,0.033167
KMTA42,I,8305.89837,0.0,0.0,17.156788,0.038244
KMTA42,I,8305.91641,0.0,0.0,17.209588,0.031115
KMTA42,I,8305.93371,0.0,0.0,17.224153,0.032842
KMTA42,I,8305.93929,0.0,0.0,17.19281,0.028729
KMTA42,I,8305.95642,0.0,0.0,17.208641,0.032548
KMTA42,I,8305.97706,0.0,0.0,17.211244,0.027039
KMTA42,I,8306.00092,0.0,0.0,17.226761,0.028868
KMTA42,I,8306.01818,0.0,0.0,17.220005,0.049128
KMTA42,I,8306.03774,0.0,0.0,17.218939,0.032817
KMTA42,I,8306.05887,0.0,0.0,17.265529,0.036944
KMTA42,I,8306.08016,0.0,0.0,17.209351,0.027582
KMTA42,I,8306.10549,0.0,0.0,17.237323,0.046134
KMTA42,I,8306.13963,0.0,0.0,17.215978,0.026726
KMTA42,I,8306.15668,0.0,0.0,17.206749,0.032649
KMTA42,I,8306.17503,0.0,0.0,17.220598,0.031386
KMTA42,I,8306.20277,0.0,0.0,17.194344,0.027964
KMTA42,I,8306.21992,0.0,0.0,17.227236,0.034297
KMTA42,I,8306.90594,0.0,0.0,17.258378,0.02978
KMTA42,I,8306.9228,0.0,0.0,17.282127,0.040281
KMTA42,I,8306.95048,0.0,0.0,17.488976,0.332241
KMTA42,I,8307.00239,0.0,0.0,17.175365,0.023506
KMTA42,I,8307.02109,0.0,0.0,17.165483,0.027194
KMTA42,I,8307.04207,0.0,0.0,17.164543,0.025548
KMTA42,I,8307.06943,0.0,0.0,17.314487,0.064364
KMTA42,I,8307.08636,0.0,0.0,17.230438,0.023359
KMTA42,I,8307.10822,0.0,0.0,17.201312,0.022275
KMTA42,I,8307.14884,0.0,0.0,17.205212,0.101521
KMTA42,I,8308.88089,0.0,0.0,17.179605,0.030434
KMTA42,I,8308.89783,0.0,0.0,17.199894,0.022709
KMTA42,I,8308.91435,0.0,0.0,17.197768,0.020075
KMTA42,I,8308.93139,0.0,0.0,17.19954,0.02216
KMTA42,I,8308.94872,0.0,0.0,17.251709,0.032862
KMTA42,I,8308.97755,0.0,0.0,17.200131,0.027767
KMTA42,I,8308.9947,0.0,0.0,17.242551,0.036486
KMTA42,I,8309.0137,0.0,0.0,17.258735,0.032229
KMTA42,I,8309.08758,0.0,0.0,17.182786,0.021342
KMTA42,I,8309.10455,0.0,0.0,17.207577,0.018573
KMTA42,I,8309.15433,0.0,0.0,17.253971,0.032985
KMTA42,I,8309.17132,0.0,0.0,17.173482,0.022516
KMTA42,I,8309.18839,0.0,0.0,17.198477,0.023363
KMTA42,I,8309.20532,0.0,0.0,17.255519,0.034328
KMTA42,I,8309.21868,0.0,0.0,17.224509,0.02908
KMTA42,I,8309.88203,0.0,0.0,17.194698,0.018866
KMTA42,I,8309.9026,0.0,0.0,17.183493,0.017424
KMTA42,I,8309.92643,0.0,0.0,17.20273,0.01671
KMTA42,I,8309.94337,0.0,0.0,17.211954,0.018366
KMTA42,I,8309.96027,0.0,0.0,17.182904,0.014829
KMTA42,I,8309.97717,0.0,0.0,17.20805,0.01445
KMTA42,I,8309.99745,0.0,0.0,17.209943,0.015318
KMTA42,I,8310.02316,0.0,0.0,17.183375,0.014185
KMTA42,I,8310.04328,0.0,0.0,17.213847,0.013816
KMTA42,I,8310.06002,0.0,0.0,17.188799,0.014626
KMTA42,I,8310.07833,0.0,0.0,17.196587,0.017021
KMTA42,I,8310.09836,0.0,0.0,17.187855,0.018957
KMTA42,I,8310.13365,0.0,0.0,17.202375,0.020197
KMTA42,I,8310.15103,0.0,0.0,17.217163,0.017071
KMTA42,I,8310.16805,0.0,0.0,17.211244,0.018255
KMTA42,I,8310.18507,0.0,0.0,17.224627,0.020042
KMTA42,I,8310.20676,0.0,0.0,17.187973,0.015702
KMTA42,I,8310.87623,0.0,0.0,17.201666,0.024032
KMTA42,I,8310.90377,0.0,0.0,17.233643,0.024253
KMTA42,I,8310.93884,0.0,0.0,17.214439,0.021438
KMTA42,I,8310.95568,0.0,0.0,17.221901,0.020144
KMTA42,I,8310.97412,0.0,0.0,17.245048,0.020212
KMTA42,I,8310.99453,0.0,0.0,17.206513,0.016828
KMTA42,I,8311.02199,0.0,0.0,17.202848,0.015519
KMTA42,I,8311.03882,0.0,0.0,17.208168,0.016072
KMTA42,I,8311.05593,0.0,0.0,17.200131,0.014004
KMTA42,I,8311.07282,0.0,0.0,17.199185,0.01681
KMTA42,I,8311.09376,0.0,0.0,17.197178,0.016914
KMTA42,I,8311.12138,0.0,0.0,17.185261,0.016561
KMTA42,I,8311.13821,0.0,0.0,17.217163,0.018489
KMTA42,I,8311.15709,0.0,0.0,17.209469,0.019015
KMTA42,I,8311.1736,0.0,0.0,17.218821,0.01915
KMTA42,I,8311.19031,0.0,0.0,17.220124,0.018278
KMTA42,I,8311.20511,0.0,0.0,17.214794,0.019685
KMTA42,I,8311.88864,0.0,0.0,17.206394,0.029004
KMTA42,I,8311.90564,0.0,0.0,17.26875,0.031162
KMTA42,I,8311.92317,0.0,0.0,17.195053,0.027307
KMTA42,I,8311.94068,0.0,0.0,17.24065,0.029037
KMTA42,I,8311.95778,0.0,0.0,17.20533,0.028779
KMTA42,I,8311.98547,0.0,0.0,17.218465,0.026515
KMTA42,I,8311.98796,0.0,0.0,17.200958,0.023041
KMTA42,I,8312.00466,0.0,0.0,17.200721,0.023809
KMTA42,I,8312.02134,0.0,0.0,17.216334,0.022652
KMTA42,I,8312.03983,0.0,0.0,17.208405,0.021858
KMTA42,I,8312.05697,0.0,0.0,17.197886,0.022264
KMTA42,I,8312.07775,0.0,0.0,17.213492,0.020667
KMTA42,I,8312.10509,0.0,0.0,17.204385,0.020641
KMTA42,I,8312.1269,0.0,0.0,17.211836,0.024177
KMTA42,I,8312.14391,0.0,0.0,17.204739,0.026573
KMTA42,I,8312.1608,0.0,0.0,17.220361,0.025088
KMTA42,I,8312.18162,0.0,0.0,17.230794,0.029992
KMTA42,I,8312.19882,0.0,0.0,17.22605,0.024336
KMTA42,I,8312.87359,0.0,0.0,17.193872,0.029394
KMTA42,I,8312.90892,0.0,0.0,17.203675,0.02745
KMTA42,I,8312.9257,0.0,0.0,17.198831,0.025671
KMTA42,I,8312.94251,0.0,0.0,17.249091,0.024086
KMTA42,I,8312.95985,0.0,0.0,17.214676,0.022207
KMTA42,I,8312.97671,0.0,0.0,17.216215,0.01958
KMTA42,I,8313.00378,0.0,0.0,17.199894,0.018662
KMTA42,I,8313.02196,0.0,0.0,17.226287,0.025551
KMTA42,I,8313.03946,0.0,0.0,17.206867,0.02339
KMTA42,I,8313.05654,0.0,0.0,17.318093,0.040728
KMTA42,I,8313.07342,0.0,0.0,17.205803,0.026797
KMTA42,I,8313.09421,0.0,0.0,17.186558,0.022885
KMTA42,I,8313.11845,0.0,0.0,17.231981,0.02502
KMTA42,I,8313.15249,0.0,0.0,17.243027,0.026056
KMTA42,I,8313.16914,0.0,0.0,17.209943,0.02483
KMTA42,I,8313.19187,0.0,0.0,17.288227,0.032259
KMTA42,I,8313.88438,0.0,0.0,17.217163,0.018598
KMTA42,I,8313.9085,0.0,0.0,17.202375,0.017579
KMTA42,I,8313.92625,0.0,0.0,17.217873,0.017291
KMTA42,I,8313.94504,0.0,0.0,17.217518,0.016746
KMTA42,I,8313.96179,0.0,0.0,17.196824,0.016371
KMTA42,I,8313.97933,0.0,0.0,17.202848,0.015627
KMTA42,I,8314.00861,0.0,0.0,17.223916,0.016543
KMTA42,I,8314.02676,0.0,0.0,17.185615,0.01667
KMTA42,I,8314.04351,0.0,0.0,17.210297,0.014994
KMTA42,I,8314.06096,0.0,0.0,17.20533,0.018785
KMTA42,I,8314.07831,0.0,0.0,17.229252,0.01471
KMTA42,I,8314.10588,0.0,0.0,17.189624,0.023882
KMTA42,I,8314.12259,0.0,0.0,17.200131,0.034165
KMTA42,I,8314.14022,0.0,0.0,17.202375,0.024584
KMTA42,I,8314.15736,0.0,0.0,17.206749,0.01672
KMTA42,I,8314.1743,0.0,0.0,17.205803,0.01585
KMTA42,I,8314.19513,0.0,0.0,17.210534,0.016077
KMTA42,I,8314.85774,0.0,0.0,17.269347,0.045681
KMTA42,I,8314.88245,0.0,0.0,17.212072,0.049072
KMTA42,I,8314.89915,0.0,0.0,17.190686,0.02707
KMTA42,I,8314.91701,0.0,0.0,17.220361,0.02586
KMTA42,I,8314.9343,0.0,0.0,17.22771,0.024783
KMTA42,I,8314.95501,0.0,0.0,17.243502,0.020537
KMTA42,I,8314.97919,0.0,0.0,17.211126,0.019456
KMTA42,I,8314.99682,0.0,0.0,17.203203,0.01867
KMTA42,I,8315.01347,0.0,0.0,17.226524,0.018623
KMTA42,I,8315.03126,0.0,0.0,17.205212,0.017477
KMTA42,I,8315.04825,0.0,0.0,17.20805,0.016614
KMTA42,I,8315.07556,0.0,0.0,17.213137,0.017933
KMTA42,I,8315.09249,0.0,0.0,17.211007,0.019675
KMTA42,I,8315.10994,0.0,0.0,17.208405,0.019121
KMTA42,I,8315.14925,0.0,0.0,17.189035,0.027723
KMTA42,I,8315.17838,0.0,0.0,17.203321,0.02283
KMTA42,I,8315.19564,0.0,0.0,17.179958,0.018392
KMTA42,I,8315.86896,0.0,0.0,17.237086,0.029908
KMTA42,I,8315.88623,0.0,0.0,17.240412,0.02671
KMTA42,I,8315.90604,0.0,0.0,17.220242,0.024096
KMTA42,I,8315.92297,0.0,0.0,17.206276,0.02262
KMTA42,I,8315.94312,0.0,0.0,17.205685,0.019332
KMTA42,I,8315.96944,0.0,0.0,17.231388,0.020721
KMTA42,I,8315.98641,0.0,0.0,17.212664,0.020336
KMTA42,I,8316.003,0.0,0.0,17.179605,0.017631
KMTA42,I,8316.02098,0.0,0.0,17.227354,0.018188
KMTA42,I,8316.04175,0.0,0.0,17.196233,0.016045
KMTA42,I,8316.06786,0.0,0.0,17.192692,0.016904
KMTA42,I,8316.08446,0.0,0.0,17.201194,0.015407
KMTA42,I,8316.10132,0.0,0.0,17.221545,0.019048
KMTA42,I,8316.11781,0.0,0.0,17.249567,0.020335
KMTA42,I,8316.13573,0.0,0.0,17.18149,0.019702
KMTA42,I,8316.17086,0.0,0.0,17.201785,0.019321
KMTA42,I,8316.19564,0.0,0.0,17.211717,0.017929
KMTA42,I,8316.86784,0.0,0.0,17.209469,0.019124
KMTA42,I,8316.88533,0.0,0.0,17.220124,0.025418
KMTA42,I,8316.90348,0.0,0.0,17.219768,0.024645
KMTA42,I,8316.92072,0.0,0.0,17.212072,0.018148
KMTA42,I,8316.95022,0.0,0.0,17.231625,0.016671
KMTA42,I,8316.96682,0.0,0.0,17.226168,0.015028
KMTA42,I,8316.98375,0.0,0.0,17.22439,0.014484
KMTA42,I,8317.00178,0.0,0.0,17.204857,0.013798
KMTA42,I,8317.01884,0.0,0.0,17.210061,0.014346
KMTA42,I,8317.04693,0.0,0.0,17.210889,0.014348
KMTA42,I,8317.07172,0.0,0.0,17.208641,0.014559
KMTA42,I,8317.10592,0.0,0.0,17.198477,0.016483
KMTA42,I,8317.12296,0.0,0.0,17.22356,0.018725
KMTA42,I,8317.14381,0.0,0.0,17.201076,0.017249
KMTA42,I,8317.16906,0.0,0.0,17.191394,0.017986
KMTA42,I,8317.19872,0.0,0.0,17.208523,0.023726
KMTA42,I,8317.86178,0.0,0.0,17.215978,0.029928
KMTA42,I,8317.87886,0.0,0.0,17.211244,0.025165
KMTA42,I,8317.89564,0.0,0.0,17.213966,0.020231
KMTA42,I,8317.91234,0.0,0.0,17.1934,0.019735
KMTA42,I,8317.94031,0.0,0.0,17.214203,0.017282
KMTA42,I,8317.95747,0.0,0.0,17.221072,0.01719
KMTA42,I,8317.97471,0.0,0.0,17.211007,0.017383
KMTA42,I,8317.99132,0.0,0.0,17.215978,0.016307
KMTA42,I,8318.00843,0.0,0.0,17.221782,0.015886
KMTA42,I,8318.03624,0.0,0.0,17.192692,0.014419
KMTA42,I,8318.05318,0.0,0.0,17.218702,0.017293
KMTA42,I,8318.07076,0.0,0.0,17.194934,0.015177
KMTA42,I,8318.08787,0.0,0.0,17.199067,0.016376
KMTA42,I,8318.10517,0.0,0.0,17.211126,0.017492
KMTA42,I,8318.12565,0.0,0.0,17.211007,0.018036
KMTA42,I,8318.15027,0.0,0.0,17.177367,0.018494
KMTA42,I,8318.16733,0.0,0.0,17.228896,0.019945
KMTA42,I,8318.1841,0.0,0.0,17.17007,0.018042
KMTA42,I,8318.19472,0.0,0.0,17.224983,0.021031
KMTA42,I,8318.87321,0.0,0.0,17.187383,0.021794
KMTA42,I,8318.89001,0.0,0.0,17.198595,0.020077
KMTA42,I,8318.91071,0.0,0.0,17.211836,0.021649
KMTA42,I,8318.95477,0.0,0.0,17.220598,0.019811
KMTA42,I,8318.97216,0.0,0.0,17.223442,0.019491
KMTA42,I,8318.98891,0.0,0.0,17.189624,0.018526
KMTA42,I,8319.00532,0.0,0.0,17.224627,0.017635
KMTA42,I,8319.02183,0.0,0.0,17.210889,0.016838
KMTA42,I,8319.05493,0.0,0.0,17.194344,0.017994
KMTA42,I,8319.0717,0.0,0.0,17.218821,0.018057
KMTA42,I,8319.08829,0.0,0.0,17.207459,0.017265
KMTA42,I,8319.10524,0.0,0.0,17.205803,0.020864
KMTA42,I,8319.12176,0.0,0.0,17.226406,0.018404
KMTA42,I,8319.14215,0.0,0.0,17.153267,0.086237
KMTA42,I,8319.18564,0.0,0.0,17.200958,0.077157
KMTA42,I,8319.86802,0.0,0.0,17.246237,0.046305
KMTA42,I,8319.88567,0.0,0.0,17.269585,0.040317
KMTA42,I,8319.9036,0.0,0.0,17.20734,0.037629
KMTA42,I,8319.92569,0.0,0.0,17.291459,0.036416
KMTA42,I,8319.95354,0.0,0.0,17.260284,0.033349
KMTA42,I,8319.97248,0.0,0.0,17.260641,0.033797
KMTA42,I,8319.99029,0.0,0.0,17.185968,0.030461
KMTA42,I,8320.00838,0.0,0.0,17.189388,0.031027
KMTA42,I,8320.02551,0.0,0.0,17.166659,0.028295
KMTA42,I,8320.05494,0.0,0.0,17.193518,0.026751
KMTA42,I,8320.07163,0.0,0.0,17.24374,0.032713
KMTA42,I,8320.08877,0.0,0.0,17.23032,0.029104
KMTA42,I,8320.1055,0.0,0.0,17.184082,0.029573
KMTA42,I,8320.11955,0.0,0.0,17.210652,0.031452
KMTA42,I,8320.13635,0.0,0.0,17.24921,0.032294
KMTA42,I,8320.16652,0.0,0.0,17.195171,0.035245
KMTA42,I,8320.18127,0.0,0.0,17.173129,0.027004
KMTA42,I,8320.86283,0.0,0.0,17.26541,0.045542
KMTA42,I,8320.87936,0.0,0.0,17.291579,0.039554
KMTA42,I,8320.89692,0.0,0.0,17.218939,0.034699
KMTA42,I,8320.92149,0.0,0.0,17.234592,0.032447
KMTA42,I,8320.93838,0.0,0.0,17.196233,0.024453
KMTA42,I,8320.95916,0.0,0.0,17.189624,0.029486
KMTA42,I,8321.00022,0.0,0.0,17.315208,0.049154
KMTA42,I,8321.02151,0.0,0.0,17.170893,0.06899
KMTA42,I,8321.06105,0.0,0.0,17.191512,0.028833
KMTA42,I,8321.08514,0.0,0.0,17.195525,0.025879
KMTA42,I,8321.10223,0.0,0.0,17.147283,0.115692
KMTA42,I,8321.11898,0.0,0.0,17.134043,0.253557
KMTA42,I,8321.13585,0.0,0.0,17.185497,0.044358
KMTA42,I,8321.15313,0.0,0.0,17.291938,0.041238
KMTA42,I,8321.19115,0.0,0.0,17.382372,0.241595
KMTA42,I,8321.86317,0.0,0.0,17.266722,0.047005
KMTA42,I,8321.88018,0.0,0.0,17.260046,0.035688
KMTA42,I,8321.89763,0.0,0.0,17.271018,0.030838
KMTA42,I,8321.91493,0.0,0.0,17.19954,0.028646
KMTA42,I,8321.94372,0.0,0.0,17.209824,0.026482
KMTA42,I,8321.96104,0.0,0.0,17.182197,0.037716
KMTA42,I,8321.98,0.0,0.0,17.221072,0.025642
KMTA42,I,8321.9974,0.0,0.0,17.190096,0.021364
KMTA42,I,8322.01463,0.0,0.0,17.246712,0.030061
KMTA42,I,8322.03574,0.0,0.0,17.180194,0.023631
KMTA42,I,8322.06482,0.0,0.0,17.247545,0.025851
KMTA42,I,8322.08166,0.0,0.0,17.24921,0.026855
KMTA42,I,8322.09884,0.0,0.0,17.199185,0.025452
KMTA42,I,8322.11626,0.0,0.0,17.217636,0.026401
KMTA42,I,8322.13671,0.0,0.0,17.182197,0.025172
KMTA42,I,8322.16647,0.0,0.0,17.183257,0.025944
KMTA42,I,8322.17778,0.0,0.0,17.188563,0.024756
KMTA42,I,8322.88461,0.0,0.0,17.237323,0.037236
KMTA42,I,8322.9022,0.0,0.0,17.199304,0.031401
KMTA42,I,8322.91941,0.0,0.0,17.213492,0.027268
KMTA42,I,8322.93658,0.0,0.0,17.254566,0.037107
KMTA42,I,8322.96434,0.0,0.0,17.196824,0.024894
KMTA42,I,8322.98157,0.0,0.0,17.195289,0.02412
KMTA42,I,8322.99866,0.0,0.0,17.214558,0.032907
KMTA42,I,8323.01593,0.0,0.0,17.192928,0.026529
KMTA42,I,8323.06047,0.0,0.0,17.182432,0.041248
KMTA42,I,8323.11529,0.0,0.0,17.248735,0.03396
KMTA42,I,8323.15224,0.0,0.0,17.190804,0.035113
KMTA42,I,8323.90249,0.0,0.0,17.225813,0.055507
KMTA42,I,8323.91951,0.0,0.0,17.22439,0.047159
KMTA42,I,8323.93684,0.0,0.0,17.262906,0.051337
KMTA42,I,8323.95368,0.0,0.0,17.24588,0.048644
KMTA42,I,8323.98015,0.0,0.0,17.201666,0.045012
KMTA42,I,8324.01135,0.0,0.0,17.276749,0.053796
KMTA42,I,8324.0286,0.0,0.0,17.184672,0.042586
KMTA42,I,8324.04589,0.0,0.0,17.195171,0.043423
KMTA42,I,8324.06302,0.0,0.0,17.23293,0.045437
KMTA42,I,8324.08026,0.0,0.0,17.225694,0.046278
KMTA42,I,8324.11026,0.0,0.0,17.159137,0.053337
KMTA42,I,8324.12788,0.0,0.0,17.243621,0.05186
KMTA42,I,8324.14535,0.0,0.0,17.307042,0.056295
KMTA42,I,8324.1665,0.0,0.0,17.282008,0.061465
KMTA42,I,8324.87191,0.0,0.0,17.218821,0.045567
KMTA42,I,8324.89912,0.0,0.0,17.205921,0.041717
KMTA42,I,8324.91585,0.0,0.0,17.188091,0.040066
KMTA42,I,8324.93272,0.0,0.0,17.264337,0.040844
KMTA42,I,8324.95675,0.0,0.0,17.193164,0.038437
KMTA42,I,8324.97555,0.0,0.0,17.23958,0.04025
KMTA42,I,8325.00647,0.0,0.0,17.237086,0.037012
KMTA42,I,8325.03059,0.0,0.0,17.208287,0.03111
KMTA42,I,8325.05328,0.0,0.0,17.224864,0.03218
KMTA42,I,8325.07814,0.0,0.0,17.214439,0.030474
KMTA42,I,8325.09583,0.0,0.0,17.228184,0.033858
KMTA42,I,8325.11591,0.0,0.0,17.238868,0.036355
KMTA42,I,8325.15037,0.0,0.0,17.219176,0.044459
KMTA42,I,8325.17312,0.0,0.0,17.218584,0.04723
KMTA42,I,8325.93829,0.0,0.0,17.277466,0.046856
KMTA42,I,8325.95522,0.0,0.0,17.200485,0.036376
KMTA42,I,8325.97244,0.0,0.0,17.227829,0.029426
KMTA42,I,8325.99166,0.0,0.0,17.176307,0.023947
KMTA42,I,8326.02518,0.0,0.0,17.232574,0.020505
KMTA42,I,8326.04176,0.0,0.0,17.203675,0.020201
KMTA42,I,8326.06158,0.0,0.0,17.237798,0.040351
KMTA42,I,8326.88006,0.0,0.0,17.197296,0.029298
KMTA42,I,8326.90366,0.0,0.0,17.196942,0.025004
KMTA42,I,8326.92357,0.0,0.0,17.204857,0.023933
KMTA42,I,8327.01258,0.0,0.0,17.253733,0.02876
KMTA42,I,8327.03017,0.0,0.0,17.224627,0.030518
KMTA42,I,8328.86466,0.0,0.0,17.234117,0.028566
KMTA42,I,8328.88179,0.0,0.0,17.274122,0.029292
KMTA42,I,8328.90491,0.0,0.0,17.251471,0.039541
KMTA42,I,8329.04767,0.0,0.0,17.19458,0.078418
KMTA42,I,8329.14318,0.0,0.0,17.475266,0.085545
KMTA42,I,8329.16103,0.0,0.0,17.548151,0.119662
KMTA42,I,8329.87379,0.0,0.0,17.271853,0.033407
KMTA42,I,8329.90223,0.0,0.0,17.225338,0.029526
KMTA42,I,8329.91959,0.0,0.0,17.207459,0.027685
KMTA42,I,8329.9428,0.0,0.0,17.220124,0.02884
KMTA42,I,8329.96004,0.0,0.0,17.241719,0.02594
KMTA42,I,8329.97756,0.0,0.0,17.242789,0.02683
KMTA42,I,8330.0101,0.0,0.0,17.193046,0.025101
KMTA42,I,8330.02727,0.0,0.0,17.206749,0.02328
KMTA42,I,8330.03014,0.0,0.0,17.239699,0.026043
KMTA42,I,8330.04562,0.0,0.0,17.333258,0.082201
KMTA42,I,8330.06803,0.0,0.0,17.150098,0.04722
KMTA42,I,8330.08457,0.0,0.0,17.213137,0.027046
KMTA42,I,8330.10535,0.0,0.0,17.274002,0.024842
KMTA42,I,8330.12935,0.0,0.0,17.183847,0.022986
KMTA42,I,8330.14636,0.0,0.0,17.180194,0.046533
KMTA42,I,8330.88077,0.0,0.0,17.158433,0.048375
KMTA42,I,8330.89798,0.0,0.0,17.129713,0.061796
KMTA42,I,8330.92494,0.0,0.0,17.233999,0.020729
KMTA42,I,8330.94913,0.0,0.0,17.20273,0.019761
KMTA42,I,8330.96688,0.0,0.0,17.241244,0.018883
KMTA42,I,8330.99272,0.0,0.0,17.214321,0.017827
KMTA42,I,8331.01054,0.0,0.0,17.23388,0.023261
KMTA42,I,8331.02786,0.0,0.0,17.237917,0.027032
KMTA42,I,8331.05824,0.0,0.0,17.24588,0.024407
KMTA42,I,8331.0759,0.0,0.0,17.203203,0.0225
KMTA42,I,8331.09333,0.0,0.0,17.182197,0.046104
KMTA42,I,8331.10995,0.0,0.0,17.248259,0.035515
KMTA42,I,8331.12693,0.0,0.0,17.210061,0.020329
KMTA42,I,8331.1576,0.0,0.0,17.268631,0.026043
KMTA42,I,8331.88818,0.0,0.0,17.231032,0.024464
KMTA42,I,8331.90706,0.0,0.0,17.258378,0.025338
KMTA42,I,8331.92416,0.0,0.0,17.219058,0.021672
KMTA42,I,8331.94136,0.0,0.0,17.22605,0.019279
KMTA42,I,8331.95882,0.0,0.0,17.211836,0.017712
KMTA42,I,8331.97967,0.0,0.0,17.254804,0.01914
KMTA42,I,8332.0068,0.0,0.0,17.229252,0.019069
KMTA42,I,8332.02427,0.0,0.0,17.231862,0.019844
KMTA42,I,8332.04478,0.0,0.0,17.229252,0.020275
KMTA42,I,8332.06185,0.0,0.0,17.200012,0.018662
KMTA42,I,8332.0825,0.0,0.0,17.20533,0.01955
KMTA42,I,8332.10749,0.0,0.0,17.217636,0.020789
KMTA42,I,8332.12653,0.0,0.0,17.226761,0.021916
KMTA42,I,8332.14714,0.0,0.0,17.258378,0.024895
KMTA42,I,8332.15589,0.0,0.0,17.195053,0.023571
KMTA42,I,8332.87098,0.0,0.0,17.223323,0.021685
KMTA42,I,8332.88841,0.0,0.0,17.213966,0.018371
KMTA42,I,8332.90612,0.0,0.0,17.210652,0.017055
KMTA42,I,8332.93645,0.0,0.0,17.257901,0.018929
KMTA42,I,8332.95365,0.0,0.0,17.221427,0.017954
KMTA42,I,8332.97302,0.0,0.0,17.243264,0.025061
KMTA42,I,8333.00126,0.0,0.0,17.211481,0.014349
KMTA42,I,8333.01788,0.0,0.0,17.233999,0.016785
KMTA42,I,8333.04805,0.0,0.0,17.193518,0.017666
KMTA42,I,8333.06816,0.0,0.0,17.231625,0.017216
KMTA42,I,8333.09118,0.0,0.0,17.219887,0.016316
KMTA42,I,8333.10789,0.0,0.0,17.245285,0.019553
KMTA42,I,8333.1301,0.0,0.0,17.212782,0.018368
KMTA42,I,8333.15147,0.0,0.0,17.254447,0.021122
KMTA42,I,8334.89334,0.0,0.0,17.222375,0.026088
KMTA42,I,8334.91732,0.0,0.0,17.221901,0.025755
KMTA42,I,8334.93471,0.0,0.0,17.202139,0.02162
KMTA42,I,8334.95317,0.0,0.0,17.207104,0.021306
KMTA42,I,8334.97361,0.0,0.0,17.231625,0.021271
KMTA42,I,8334.99565,0.0,0.0,17.244453,0.02032
KMTA42,I,8335.0204,0.0,0.0,17.229727,0.020936
KMTA42,I,8335.04181,0.0,0.0,17.237561,0.02151
KMTA42,I,8335.05883,0.0,0.0,17.225457,0.022572
KMTA42,I,8335.08062,0.0,0.0,17.239699,0.028922
KMTA42,I,8335.09785,0.0,0.0,17.227591,0.027986
KMTA42,I,8335.12588,0.0,0.0,17.220124,0.022774
KMTA42,I,8335.14309,0.0,0.0,17.243383,0.030047
KMTA42,I,8335.88205,0.0,0.0,17.210771,0.017927
KMTA42,I,8335.89912,0.0,0.0,17.209706,0.016292
KMTA42,I,8335.91781,0.0,0.0,17.21586,0.015223
KMTA42,I,8335.93606,0.0,0.0,17.218347,0.014903
KMTA42,I,8335.98173,0.0,0.0,17.196942,0.01432
KMTA42,I,8335.9989,0.0,0.0,17.224153,0.014591
KMTA42,I,8336.01622,0.0,0.0,17.220124,0.015774
KMTA42,I,8336.03316,0.0,0.0,17.210061,0.017707
KMTA42,I,8336.04995,0.0,0.0,17.223205,0.016542
KMTA42,I,8336.88022,0.0,0.0,17.264933,0.026806
KMTA42,I,8336.90407,0.0,0.0,17.229371,0.024679
KMTA42,I,8336.92078,0.0,0.0,17.215386,0.021551
KMTA42,I,8336.93774,0.0,0.0,17.204503,0.022724
KMTA42,I,8336.95586,0.0,0.0,17.220716,0.020799
KMTA42,I,8336.97823,0.0,0.0,17.255519,0.023113
KMTA42,I,8337.01512,0.0,0.0,17.270182,0.025716
KMTA42,I,8337.03182,0.0,0.0,17.225931,0.026764
KMTA42,I,8337.04959,0.0,0.0,17.243859,0.027609
KMTA42,I,8337.0726,0.0,0.0,17.246237,0.026843
KMTA42,I,8337.08906,0.0,0.0,17.220005,0.029945
KMTA42,I,8337.11807,0.0,0.0,17.334945,0.045803
KMTA42,I,8337.14274,0.0,0.0,17.220242,0.048907
KMTA42,I,8337.88407,0.0,0.0,17.245761,0.025845
KMTA42,I,8337.90053,0.0,0.0,17.219413,0.024754
KMTA42,I,8337.9182,0.0,0.0,17.223679,0.021027
KMTA42,I,8337.93775,0.0,0.0,17.228777,0.023244
KMTA42,I,8337.95897,0.0,0.0,17.211954,0.017821
KMTA42,I,8337.99122,0.0,0.0,17.190804,0.018311
KMTA42,I,8338.00803,0.0,0.0,17.213374,0.01837
KMTA42,I,8338.0381,0.0,0.0,17.25159,0.016829
KMTA42,I,8338.05526,0.0,0.0,17.226524,0.017749
KMTA42,I,8338.07733,0.0,0.0,17.230557,0.015472
KMTA42,I,8338.102,0.0,0.0,17.222731,0.017739
KMTA42,I,8338.11878,0.0,0.0,17.236848,0.01909
KMTA42,I,8338.13707,0.0,0.0,17.207222,0.019118
KMTA42,I,8338.88298,0.0,0.0,17.225576,0.024555
KMTA42,I,8338.89962,0.0,0.0,17.224153,0.026978
KMTA42,I,8338.91763,0.0,0.0,17.241363,0.023728
KMTA42,I,8338.94953,0.0,0.0,17.222256,0.019487
KMTA42,I,8338.9675,0.0,0.0,17.234592,0.018974
KMTA42,I,8338.98393,0.0,0.0,17.224746,0.018728
KMTA42,I,8339.00478,0.0,0.0,17.195053,0.019849
KMTA42,I,8339.0214,0.0,0.0,17.198123,0.020294
KMTA42,I,8339.04967,0.0,0.0,17.174659,0.035914
KMTA42,I,8339.06666,0.0,0.0,17.280095,0.087706
KMTA42,I,8339.0835,0.0,0.0,17.185261,0.040271
KMTA42,I,8339.1117,0.0,0.0,17.226287,0.024117
KMTA42,I,8339.13557,0.0,0.0,17.192692,0.023892
KMTA42,I,8339.88269,0.0,0.0,17.237323,0.018433
KMTA42,I,8339.90369,0.0,0.0,17.242908,0.020205
KMTA42,I,8339.93349,0.0,0.0,17.203321,0.018998
KMTA42,I,8339.9594,0.0,0.0,17.23578,0.017008
KMTA42,I,8339.97625,0.0,0.0,17.192692,0.017772
KMTA42,I,8339.99645,0.0,0.0,17.210771,0.016947
KMTA42,I,8340.0134,0.0,0.0,17.19281,0.017447
KMTA42,I,8340.03577,0.0,0.0,17.211007,0.017927
KMTA42,I,8340.06312,0.0,0.0,17.204266,0.019547
KMTA42,I,8340.07983,0.0,0.0,17.215031,0.017393
KMTA42,I,8340.09728,0.0,0.0,17.218465,0.020134
KMTA42,I,8340.11577,0.0,0.0,17.240887,0.022733
KMTA42,I,8340.13012,0.0,0.0,17.192692,0.023344
KMTA42,I,8340.87824,0.0,0.0,17.222968,0.016759
KMTA42,I,8340.89735,0.0,0.0,17.235186,0.015482
KMTA42,I,8340.92951,0.0,0.0,17.20143,0.013684
KMTA42,I,8340.95055,0.0,0.0,17.219531,0.014042
KMTA42,I,8340.96951,0.0,0.0,17.211007,0.01381
KMTA42,I,8340.98829,0.0,0.0,17.221427,0.013723
KMTA42,I,8341.00614,0.0,0.0,17.214676,0.016739
KMTA42,I,8341.03385,0.0,0.0,17.227354,0.015573
KMTA42,I,8341.05066,0.0,0.0,17.234592,0.016133
KMTA42,I,8341.06775,0.0,0.0,17.217636,0.017181
KMTA42,I,8341.08934,0.0,0.0,17.220124,0.019481
KMTA42,I,8341.10961,0.0,0.0,17.215623,0.027276
KMTA42,I,8341.12763,0.0,0.0,17.19954,0.026333
KMTA42,I,8342.11039,0.0,0.0,17.268631,0.040423
KMTA42,I,8342.88308,0.0,0.0,17.1842,0.032656
KMTA42,I,8342.90107,0.0,0.0,17.248853,0.026964
KMTA42,I,8342.92161,0.0,0.0,17.251471,0.025645
KMTA42,I,8342.95661,0.0,0.0,17.200367,0.022272
KMTA42,I,8342.9758,0.0,0.0,17.257305,0.021572
KMTA42,I,8342.99265,0.0,0.0,17.174894,0.022848
KMTA42,I,8343.01075,0.0,0.0,17.200367,0.023918
KMTA42,I,8343.02738,0.0,0.0,17.211244,0.022746
KMTA42,I,8343.05492,0.0,0.0,17.208523,0.025816
KMTA42,I,8343.07239,0.0,0.0,17.251471,0.023542
KMTA42,I,8343.0892,0.0,0.0,17.214794,0.023307
KMTA42,I,8343.10621,0.0,0.0,17.16854,0.022719
KMTA42,I,8343.12487,0.0,0.0,17.224983,0.025767
KMTA42,I,8343.8868,0.0,0.0,17.243502,0.027276
KMTA42,I,8343.88954,0.0,0.0,17.210771,0.025384
KMTA42,I,8343.91533,0.0,0.0,17.193754,0.02061
KMTA42,I,8343.93434,0.0,0.0,17.236373,0.027247
KMTA42,I,8343.95493,0.0,0.0,17.216097,0.028713
KMTA42,I,8343.97217,0.0,0.0,17.280095,0.033895
KMTA42,I,8343.98953,0.0,0.0,17.271495,0.030841
KMTA42,I,8344.89755,0.0,0.0,17.207695,0.018137
KMTA42,I,8344.92273,0.0,0.0,17.218347,0.014579
KMTA42,I,8344.94049,0.0,0.0,17.23768,0.013971
KMTA42,I,8344.96053,0.0,0.0,17.22771,0.017534
KMTA42,I,8344.97704,0.0,0.0,17.204621,0.014335
KMTA42,I,8344.9975,0.0,0.0,17.21657,0.013499
KMTA42,I,8345.02589,0.0,0.0,17.229015,0.014062
KMTA42,I,8345.03993,0.0,0.0,17.211954,0.013812
KMTA42,I,8345.05694,0.0,0.0,17.214676,0.015761
KMTA42,I,8345.0734,0.0,0.0,17.213611,0.020777
KMTA42,I,8345.09173,0.0,0.0,17.224509,0.02367
KMTA42,I,8345.11545,0.0,0.0,17.209351,0.031004
KMTA42,I,8345.89033,0.0,0.0,17.221427,0.015126
KMTA42,I,8345.90703,0.0,0.0,17.213729,0.01511
KMTA42,I,8345.92615,0.0,0.0,17.223442,0.01459
KMTA42,I,8345.94497,0.0,0.0,17.228777,0.014277
KMTA42,I,8345.96263,0.0,0.0,17.214913,0.013818
KMTA42,I,8345.99018,0.0,0.0,17.19222,0.013881
KMTA42,I,8346.00723,0.0,0.0,17.227354,0.014058
KMTA42,I,8346.02522,0.0,0.0,17.201785,0.014114
KMTA42,I,8346.06313,0.0,0.0,17.199304,0.017245
KMTA42,I,8346.08344,0.0,0.0,17.243027,0.017026
KMTA42,I,8346.10235,0.0,0.0,17.203557,0.021953
KMTA42,I,8346.86941,0.0,0.0,17.24588,0.029503
KMTA42,I,8346.89913,0.0,0.0,17.205567,0.023496
KMTA42,I,8346.91553,0.0,0.0,17.249091,0.023533
KMTA42,I,8346.93308,0.0,0.0,17.210889,0.024064
KMTA42,I,8346.95042,0.0,0.0,17.235542,0.021724
KMTA42,I,8346.97175,0.0,0.0,17.208523,0.023616
KMTA42,I,8347.00686,0.0,0.0,17.208878,0.023727
KMTA42,I,8347.02406,0.0,0.0,17.26708,0.022931
KMTA42,I,8347.04742,0.0,0.0,17.236967,0.026364
KMTA42,I,8347.06466,0.0,0.0,17.218584,0.033922
KMTA42,I,8347.10988,0.0,0.0,17.260522,0.036025
KMTA42,I,8347.87067,0.0,0.0,17.228896,0.032975
KMTA42,I,8347.89616,0.0,0.0,17.290861,0.027357
KMTA42,I,8347.9133,0.0,0.0,17.202139,0.023484
KMTA42,I,8347.93008,0.0,0.0,17.253257,0.024876
KMTA42,I,8347.94663,0.0,0.0,17.224509,0.022899
KMTA42,I,8347.9671,0.0,0.0,17.235186,0.022273
KMTA42,I,8348.00176,0.0,0.0,17.249567,0.021878
KMTA42,I,8348.01883,0.0,0.0,17.189152,0.021252
KMTA42,I,8348.03607,0.0,0.0,17.23578,0.019196
KMTA42,I,8348.05286,0.0,0.0,17.192102,0.022903
KMTA42,I,8348.07026,0.0,0.0,17.18986,0.022239
KMTA42,I,8348.10448,0.0,0.0,17.232693,0.024912
KMTA42,I,8348.86831,0.0,0.0,17.305602,0.122538
KMTA42,I,8348.89121,0.0,0.0,17.302123,0.072797
KMTA42,I,8348.90779,0.0,0.0,17.217992,0.036578
KMTA42,I,8348.92437,0.0,0.0,17.240293,0.039253
KMTA42,I,8348.94122,0.0,0.0,17.175601,0.035479
KMTA42,I,8349.02181,0.0,0.0,17.263502,0.037268
KMTA42,I,8349.03823,0.0,0.0,17.307522,0.050784
KMTA42,I,8349.08893,0.0,0.0,17.196351,0.032932
KMTA42,I,8349.09885,0.0,0.0,17.468609,0.106974
KMTA42,I,8349.90865,0.0,0.0,17.269466,0.037412
KMTA42,I,8349.92679,0.0,0.0,17.181018,0.085461
KMTA42,I,8349.94731,0.0,0.0,17.239105,0.039914
KMTA42,I,8349.97346,0.0,0.0,17.177838,0.037142
KMTA42,I,8349.99051,0.0,0.0,17.278422,0.040706
KMTA42,I,8350.0073,0.0,0.0,17.257544,0.040914
KMTA42,I,8350.0241,0.0,0.0,17.309203,0.04787
KMTA42,I,8350.04428,0.0,0.0,17.185851,0.03928
KMTA42,I,8350.06898,0.0,0.0,17.111367,0.044242
KMTA42,I,8350.08968,0.0,0.0,17.276152,0.04528
KMTA42,I,8350.87776,0.0,0.0,17.366361,0.078197
KMTA42,I,8350.89493,0.0,0.0,17.282964,0.055416
KMTA42,I,8350.91194,0.0,0.0,17.146697,0.041485
KMTA42,I,8350.9413,0.0,0.0,17.206749,0.043605
KMTA42,I,8350.95832,0.0,0.0,17.251828,0.046678
KMTA42,I,8350.97544,0.0,0.0,17.268154,0.049028
KMTA42,I,8350.99223,0.0,0.0,17.298407,0.045657
KMTA42,I,8351.00931,0.0,0.0,17.183375,0.049758
KMTA42,I,8351.0374,0.0,0.0,17.223679,0.045154
KMTA42,I,8351.05455,0.0,0.0,17.157963,0.04573
KMTA42,I,8351.07179,0.0,0.0,17.206276,0.053245
KMTA42,I,8351.09559,0.0,0.0,17.335909,0.073179
KMTA42,I,8351.90084,0.0,0.0,17.199894,0.06927
KMTA42,I,8351.91801,0.0,0.0,17.241719,0.113556
KMTA42,I,8351.93901,0.0,0.0,17.153501,0.055938
KMTA42,I,8351.96332,0.0,0.0,17.188091,0.046474
KMTA42,I,8351.98005,0.0,0.0,17.231269,0.04576
KMTA42,I,8351.99764,0.0,0.0,17.189035,0.047033
KMTA42,I,8352.0146,0.0,0.0,17.278302,0.04272
KMTA42,I,8352.0386,0.0,0.0,17.234711,0.04556
KMTA42,I,8352.06338,0.0,0.0,17.317251,0.050071
KMTA42,I,8352.08064,0.0,0.0,17.212782,0.044751
KMTA42,I,8352.09336,0.0,0.0,17.233405,0.054121
KMTA42,I,8352.86573,0.0,0.0,17.298767,0.065671
KMTA42,I,8352.88257,0.0,0.0,17.149394,0.055687
KMTA42,I,8352.90009,0.0,0.0,17.176072,0.061967
KMTA42,I,8352.91707,0.0,0.0,17.1676,0.041273
KMTA42,I,8352.94527,0.0,0.0,17.228066,0.042182
KMTA42,I,8352.96259,0.0,0.0,17.211007,0.03632
KMTA42,I,8352.97964,0.0,0.0,17.187383,0.036088
KMTA42,I,8352.99673,0.0,0.0,17.326995,0.05026
KMTA42,I,8353.01351,0.0,0.0,17.251828,0.039765
KMTA42,I,8353.04128,0.0,0.0,17.355227,0.061372
KMTA42,I,8353.05812,0.0,0.0,17.209114,0.046612
KMTA42,I,8353.07566,0.0,0.0,17.186204,0.045357
KMTA42,I,8353.08865,0.0,0.0,17.209824,0.049944
KMTA42,I,8353.89019,0.0,0.0,17.206867,0.030441
KMTA42,I,8353.89184,0.0,0.0,17.202139,0.032407
KMTA42,I,8353.9032,0.0,0.0,17.285834,0.031689
KMTA42,I,8353.91463,0.0,0.0,17.222019,0.025535
KMTA42,I,8353.92599,0.0,0.0,17.219413,0.021014
KMTA42,I,8353.93749,0.0,0.0,17.253376,0.023659
KMTA42,I,8353.95785,0.0,0.0,17.209706,0.021424
KMTA42,I,8353.96914,0.0,0.0,17.208641,0.022627
KMTA42,I,8353.98017,0.0,0.0,17.253971,0.02355
KMTA42,I,8353.99129,0.0,0.0,17.24481,0.025288
KMTA42,I,8354.00233,0.0,0.0,17.21657,0.025405
KMTA42,I,8354.02157,0.0,0.0,17.242908,0.026387
KMTA42,I,8354.03303,0.0,0.0,17.226998,0.024781
KMTA42,I,8354.04402,0.0,0.0,17.23578,0.024923
KMTA42,I,8354.05703,0.0,0.0,17.234355,0.030672
KMTA42,I,8354.07012,0.0,0.0,17.204739,0.025472
KMTA42,I,8354.08967,0.0,0.0,17.258139,0.03256
KMTA42,I,8354.87425,0.0,0.0,17.220835,0.022667
KMTA42,I,8354.97925,0.0,0.0,17.211717,0.030131
KMTA42,I,8354.99076,0.0,0.0,17.238511,0.024822
KMTA42,I,8355.00228,0.0,0.0,17.177838,0.025047
KMTA42,I,8355.01676,0.0,0.0,17.202494,0.020854
KMTA42,I,8355.02807,0.0,0.0,17.27436,0.02818
KMTA42,I,8355.0394,0.0,0.0,17.224271,0.026095
KMTA42,I,8355.05954,0.0,0.0,17.234355,0.036886
KMTA42,I,8355.07081,0.0,0.0,17.306562,0.044477
KMTA42,I,8355.08777,0.0,0.0,17.286552,0.051182
KMTA42,I,8357.87514,0.0,0.0,17.239343,0.034802
KMTA42,I,8357.88664,0.0,0.0,17.20533,0.048803
KMTA42,I,8357.8982,0.0,0.0,17.214321,0.045204
KMTA42,I,8357.91018,0.0,0.0,17.266484,0.032154
KMTA42,I,8357.93049,0.0,0.0,17.217163,0.026951
KMTA42,I,8357.942,0.0,0.0,17.208996,0.024937
KMTA42,I,8357.9537,0.0,0.0,17.217044,0.026399
KMTA42,I,8357.96554,0.0,0.0,17.214558,0.024847
KMTA42,I,8357.97702,0.0,0.0,17.235186,0.021612
KMTA42,I,8357.99513,0.0,0.0,17.267915,0.022713
KMTA42,I,8358.00621,0.0,0.0,17.242908,0.024286
KMTA42,I,8358.01739,0.0,0.0,17.241244,0.024722
KMTA42,I,8358.02887,0.0,0.0,17.257067,0.025112
KMTA42,I,8358.04031,0.0,0.0,17.212309,0.024839
KMTA42,I,8358.05881,0.0,0.0,17.226998,0.022907
KMTA42,I,8358.07364,0.0,0.0,17.235186,0.023265
KMTA42,I,8358.87313,0.0,0.0,17.27066,0.036414
KMTA42,I,8358.88489,0.0,0.0,17.226287,0.03396
KMTA42,I,8358.8968,0.0,0.0,17.257544,0.036232
KMTA42,I,8358.90833,0.0,0.0,17.237561,0.02991
KMTA42,I,8358.92757,0.0,0.0,17.241125,0.036256
KMTA42,I,8358.93905,0.0,0.0,17.206867,0.03265
KMTA42,I,8358.95053,0.0,0.0,17.223797,0.034613
KMTA42,I,8358.962,0.0,0.0,17.27663,0.038682
KMTA42,I,8358.99209,0.0,0.0,17.206158,0.029776
KMTA42,I,8359.00327,0.0,0.0,17.257305,0.030776
KMTA42,I,8359.01454,0.0,0.0,17.261595,0.029905
KMTA42,I,8359.02575,0.0,0.0,17.253019,0.027758
KMTA42,I,8359.03696,0.0,0.0,17.219531,0.027623
KMTA42,I,8359.0669,0.0,0.0,17.247783,0.023639
KMTA42,I,8359.87594,0.0,0.0,17.126087,0.057377
KMTA42,I,8359.88729,0.0,0.0,17.25409,0.030761
KMTA42,I,8359.89884,0.0,0.0,17.297448,0.046437
KMTA42,I,8359.91001,0.0,0.0,17.20273,0.039706
KMTA42,I,8359.92312,0.0,0.0,17.252781,0.030533
KMTA42,I,8359.94286,0.0,0.0,17.2529,0.029978
KMTA42,I,8359.95421,0.0,0.0,17.212901,0.025061
KMTA42,I,8359.96629,0.0,0.0,17.256353,0.023006
KMTA42,I,8359.97742,0.0,0.0,17.257782,0.024449
KMTA42,I,8359.98898,0.0,0.0,17.289544,0.029696
KMTA42,I,8360.00324,0.0,0.0,17.205212,0.025034
KMTA42,I,8360.02219,0.0,0.0,17.240887,0.029149
KMTA42,I,8360.03397,0.0,0.0,17.182786,0.026491
KMTA42,I,8360.0451,0.0,0.0,17.175601,0.024492
KMTA42,I,8360.05666,0.0,0.0,17.245642,0.029835
KMTA42,I,8360.07049,0.0,0.0,17.195997,0.030064
KMTA42,I,8360.8736,0.0,0.0,17.2321,0.021383
KMTA42,I,8360.89232,0.0,0.0,17.252661,0.02233
KMTA42,I,8360.9043,0.0,0.0,17.23388,0.017222
KMTA42,I,8360.91582,0.0,0.0,17.202848,0.026346
KMTA42,I,8360.92731,0.0,0.0,17.226168,0.018732
KMTA42,I,8360.94062,0.0,0.0,17.337718,0.338368
KMTA42,I,8360.95892,0.0,0.0,17.188091,0.115237
KMTA42,I,8360.99648,0.0,0.0,17.306682,0.161689
KMTA42,I,8361.00779,0.0,0.0,17.286313,0.060944
KMTA42,I,8361.02855,0.0,0.0,17.227829,0.177189
KMTA42,I,8361.89998,0.0,0.0,17.124684,0.191922
KMTA42,I,8361.91143,0.0,0.0,17.201785,0.052324
KMTA42,I,8362.8717,0.0,0.0,17.182315,0.032097
KMTA42,I,8362.88313,0.0,0.0,17.250757,0.030746
KMTA42,I,8362.89467,0.0,0.0,17.188563,0.028711
KMTA42,I,8362.91435,0.0,0.0,17.300924,0.132027
KMTA42,I,8362.93779,0.0,0.0,17.269227,0.147991
KMTA42,I,8362.94922,0.0,0.0,17.259926,0.026786
KMTA42,I,8362.96082,0.0,0.0,17.210416,0.025493
KMTA42,I,8362.98182,0.0,0.0,17.218939,0.026296
KMTA42,I,8362.99338,0.0,0.0,17.227117,0.02445
KMTA42,I,8363.00446,0.0,0.0,17.206749,0.024929
KMTA42,I,8363.01581,0.0,0.0,17.482303,0.313276
KMTA42,I,8363.02807,0.0,0.0,17.201666,0.028324
KMTA42,I,8363.04761,0.0,0.0,17.195761,0.048184
KMTA42,I,8363.06812,0.0,0.0,17.280334,0.105
KMTA42,I,8363.88774,0.0,0.0,17.260165,0.035131
KMTA42,I,8363.89955,0.0,0.0,17.233049,0.041435
KMTA42,I,8363.91345,0.0,0.0,17.344715,0.047571
KMTA42,I,8363.93223,0.0,0.0,17.2789,0.039926
KMTA42,I,8363.94346,0.0,0.0,17.2911,0.037534
KMTA42,I,8363.95818,0.0,0.0,17.251709,0.029306
KMTA42,I,8363.98277,0.0,0.0,17.19706,0.029297
KMTA42,I,8363.99418,0.0,0.0,17.2554,0.0301
KMTA42,I,8364.01274,0.0,0.0,17.255757,0.033105
KMTA42,I,8364.02393,0.0,0.0,17.288706,0.03025
KMTA42,I,8364.03579,0.0,0.0,17.273763,0.036096
KMTA42,I,8364.06627,0.0,0.0,17.23483,0.029677
KMTA42,I,8365.87706,0.0,0.0,17.216926,0.024855
KMTA42,I,8365.88576,0.0,0.0,17.225813,0.026101
KMTA42,I,8365.90518,0.0,0.0,17.225457,0.023343
KMTA42,I,8365.91663,0.0,0.0,17.221072,0.030171
KMTA42,I,8365.92818,0.0,0.0,17.204266,0.033632
KMTA42,I,8365.93968,0.0,0.0,17.252781,0.022772
KMTA42,I,8365.95144,0.0,0.0,17.167247,0.02097
KMTA42,I,8365.97138,0.0,0.0,17.221072,0.020142
KMTA42,I,8365.98498,0.0,0.0,17.227591,0.023791
KMTA42,I,8365.99619,0.0,0.0,17.215742,0.02353
KMTA42,I,8366.00724,0.0,0.0,17.234117,0.027902
KMTA42,I,8366.02153,0.0,0.0,17.235661,0.029791
KMTA42,I,8366.03977,0.0,0.0,17.253138,0.033648
KMTA42,I,8368.87547,0.0,0.0,17.213374,0.018588
KMTA42,I,8368.88814,0.0,0.0,17.222138,0.017956
KMTA42,I,8368.90094,0.0,0.0,17.211836,0.017821
KMTA42,I,8368.91413,0.0,0.0,17.225457,0.017092
KMTA42,I,8368.92555,0.0,0.0,17.202612,0.016601
KMTA42,I,8368.94391,0.0,0.0,17.222019,0.019158
KMTA42,I,8368.95534,0.0,0.0,17.21657,0.01707
KMTA42,I,8368.96712,0.0,0.0,17.239462,0.017892
KMTA42,I,8368.97863,0.0,0.0,17.216926,0.018816
KMTA42,I,8368.99003,0.0,0.0,17.197296,0.017893
KMTA42,I,8369.0105,0.0,0.0,17.227354,0.017314
KMTA42,I,8369.02182,0.0,0.0,17.200131,0.017356
KMTA42,I,8369.03373,0.0,0.0,17.198713,0.020077
KMTA42,I,8369.8714,0.0,0.0,17.269227,0.026046
KMTA42,I,8369.88294,0.0,0.0,17.243264,0.024176
KMTA42,I,8369.89466,0.0,0.0,17.251352,0.025644
KMTA42,I,8369.91457,0.0,0.0,17.222256,0.024654
KMTA42,I,8369.9314,0.0,0.0,17.234236,0.024034
KMTA42,I,8369.94319,0.0,0.0,17.235898,0.024482
KMTA42,I,8369.95469,0.0,0.0,17.228066,0.02258
KMTA42,I,8369.96616,0.0,0.0,17.255162,0.023555
KMTA42,I,8369.98625,0.0,0.0,17.217163,0.022875
KMTA42,I,8369.99733,0.0,0.0,17.197886,0.0238
KMTA42,I,8370.02267,0.0,0.0,17.240056,0.028148
KMTA42,I,8370.03419,0.0,0.0,17.254447,0.022446
KMTA42,I,8370.05136,0.0,0.0,17.215031,0.022208
KMTA42,I,8370.87859,0.0,0.0,17.217281,0.020021
KMTA42,I,8370.89022,0.0,0.0,17.229727,0.017429
KMTA42,I,8370.90878,0.0,0.0,17.218821,0.015337
KMTA42,I,8370.9116,0.0,0.0,17.227354,0.019283
KMTA42,I,8370.92702,0.0,0.0,17.220479,0.017624
KMTA42,I,8370.93963,0.0,0.0,17.232693,0.018312
KMTA42,I,8370.95053,0.0,0.0,17.234711,0.019632
KMTA42,I,8370.9638,0.0,0.0,17.198241,0.018113
KMTA42,I,8370.98167,0.0,0.0,17.20533,0.017042
KMTA42,I,8370.99275,0.0,0.0,17.196942,0.016805
KMTA42,I,8371.00434,0.0,0.0,17.204385,0.016497
KMTA42,I,8371.01572,0.0,0.0,17.220598,0.017734
KMTA42,I,8371.02695,0.0,0.0,17.200012,0.019972
KMTA42,I,8371.04197,0.0,0.0,17.214084,0.019246
KMTA42,I,8371.87799,0.0,0.0,17.202966,0.015195
KMTA42,I,8371.89658,0.0,0.0,17.212782,0.0163
KMTA42,I,8371.90812,0.0,0.0,17.224746,0.015676
KMTA42,I,8371.92388,0.0,0.0,17.209706,0.015967
KMTA42,I,8371.93499,0.0,0.0,17.210652,0.017164
KMTA42,I,8371.94618,0.0,0.0,17.19458,0.021049
KMTA42,I,8371.96485,0.0,0.0,17.206749,0.016069
KMTA42,I,8371.9804,0.0,0.0,17.214676,0.01663
KMTA42,I,8371.99293,0.0,0.0,17.245999,0.017143
KMTA42,I,8372.00414,0.0,0.0,17.218228,0.021559
KMTA42,I,8372.01587,0.0,0.0,17.261237,0.018498
KMTA42,I,8372.03371,0.0,0.0,17.223916,0.019492
KMTA42,I,8372.04345,0.0,0.0,17.228896,0.020713
KMTA42,I,8372.89014,0.0,0.0,17.21515,0.013496
KMTA42,I,8372.9015,0.0,0.0,17.240531,0.013653
KMTA42,I,8372.91332,0.0,0.0,17.220124,0.014259
KMTA42,I,8372.92542,0.0,0.0,17.22688,0.016986
KMTA42,I,8372.93696,0.0,0.0,17.241125,0.015278
KMTA42,I,8372.95502,0.0,0.0,17.216926,0.015117
KMTA42,I,8372.96719,0.0,0.0,17.225338,0.016764
KMTA42,I,8372.97873,0.0,0.0,17.20734,0.017809
KMTA42,I,8372.99025,0.0,0.0,17.16854,0.021409
KMTA42,I,8373.00126,0.0,0.0,17.240174,0.031697
KMTA42,I,8373.0197,0.0,0.0,17.174659,0.041203
KMTA42,I,8373.03143,0.0,0.0,17.148339,0.031071
KMTA42,I,8373.04026,0.0,0.0,17.268989,0.024046
KMTA42,I,8373.92887,0.0,0.0,17.210534,0.016729
KMTA42,I,8373.94507,0.0,0.0,17.227117,0.017205
KMTA42,I,8373.96018,0.0,0.0,17.212664,0.017496
KMTA42,I,8373.97236,0.0,0.0,17.229608,0.022035
KMTA42,I,8373.99112,0.0,0.0,17.229371,0.020056
KMTA42,I,8374.00242,0.0,0.0,17.206513,0.019116
KMTA42,I,8374.01388,0.0,0.0,17.336512,0.062322
KMTA42,I,8374.03188,0.0,0.0,17.203203,0.023818
KMTA42,I,8374.88519,0.0,0.0,17.233287,0.014827
KMTA42,I,8374.90188,0.0,0.0,17.213847,0.015435
KMTA42,I,8374.91335,0.0,0.0,17.207695,0.013911
KMTA42,I,8374.93173,0.0,0.0,17.210771,0.014348
KMTA42,I,8374.94371,0.0,0.0,17.211599,0.016405
KMTA42,I,8374.95751,0.0,0.0,17.22356,0.014158
KMTA42,I,8374.98005,0.0,0.0,17.218228,0.017401
KMTA42,I,8374.99415,0.0,0.0,17.217755,0.016311
KMTA42,I,8375.01191,0.0,0.0,17.231269,0.01787
KMTA42,I,8375.02496,0.0,0.0,17.206986,0.016829
KMTA42,I,8375.03343,0.0,0.0,17.210416,0.018035
KMTA42,I,8375.89568,0.0,0.0,17.231862,0.014608
KMTA42,I,8375.9073,0.0,0.0,17.224509,0.017198
KMTA42,I,8375.91875,0.0,0.0,17.219413,0.016098
KMTA42,I,8375.93025,0.0,0.0,17.217399,0.015985
KMTA42,I,8375.94809,0.0,0.0,17.21965,0.016098
KMTA42,I,8375.95932,0.0,0.0,17.235542,0.016244
KMTA42,I,8375.9724,0.0,0.0,17.233643,0.015587
KMTA42,I,8375.98354,0.0,0.0,17.24814,0.020331
KMTA42,I,8375.99478,0.0,0.0,17.262906,0.017405
KMTA42,I,8376.0311,0.0,0.0,17.214558,0.017827
KMTA42,I,8377.88258,0.0,0.0,17.275196,0.051991
KMTA42,I,8377.89437,0.0,0.0,17.25945,0.042488
KMTA42,I,8377.90604,0.0,0.0,17.310884,0.044282
KMTA42,I,8377.91767,0.0,0.0,17.298767,0.048918
KMTA42,I,8377.9293,0.0,0.0,17.258378,0.0465
KMTA42,I,8377.94723,0.0,0.0,17.383586,0.054816
KMTA42,I,8377.95911,0.0,0.0,17.276152,0.044273
KMTA42,I,8377.97107,0.0,0.0,17.236017,0.043121
KMTA42,I,8377.98428,0.0,0.0,17.366361,0.055118
KMTA42,I,8377.99573,0.0,0.0,17.350875,0.054641
KMTA42,I,8378.93965,0.0,0.0,17.140836,0.039696
KMTA42,I,8378.9512,0.0,0.0,17.196824,0.041995
KMTA42,I,8378.96744,0.0,0.0,17.233168,0.039435
KMTA42,I,8378.97941,0.0,0.0,17.244691,0.032717
KMTA42,I,8378.9933,0.0,0.0,17.202139,0.034616
KMTA42,I,8379.01149,0.0,0.0,17.217044,0.03314
KMTA42,I,8379.02292,0.0,0.0,17.215268,0.032578
KMTA42,I,8379.88204,0.0,0.0,17.234948,0.031562
KMTA42,I,8379.89386,0.0,0.0,17.216926,0.029711
KMTA42,I,8379.90518,0.0,0.0,17.180194,0.03484
KMTA42,I,8379.91618,0.0,0.0,17.199658,0.03052
KMTA42,I,8379.92748,0.0,0.0,17.213847,0.029035
KMTA42,I,8379.94621,0.0,0.0,17.248853,0.034517
KMTA42,I,8379.95716,0.0,0.0,17.190096,0.030369
KMTA42,I,8379.96898,0.0,0.0,17.204976,0.032752
KMTA42,I,8379.98047,0.0,0.0,17.202966,0.03462
KMTA42,I,8379.99331,0.0,0.0,17.242789,0.037265
KMTA42,I,8380.01053,0.0,0.0,17.209943,0.039636
KMTA42,I,8380.87937,0.0,0.0,17.248735,0.045542
KMTA42,I,8380.8993,0.0,0.0,17.287749,0.038859
KMTA42,I,8380.91043,0.0,0.0,17.204266,0.036174
KMTA42,I,8380.92138,0.0,0.0,17.31641,0.043757
KMTA42,I,8380.93226,0.0,0.0,17.180312,0.041677
KMTA42,I,8380.94371,0.0,0.0,17.292537,0.043036
KMTA42,I,8380.96227,0.0,0.0,17.217873,0.039348
KMTA42,I,8380.96538,0.0,0.0,17.245404,0.040841
KMTA42,I,8380.97685,0.0,0.0,17.173717,0.04219
KMTA42,I,8380.98766,0.0,0.0,17.315328,0.052986
KMTA42,I,8380.99887,0.0,0.0,17.263025,0.044298
KMTA42,I,8381.01639,0.0,0.0,17.253019,0.052378
KMTA42,I,8381.89673,0.0,0.0,17.256591,0.041243
KMTA42,I,8381.90825,0.0,0.0,17.234711,0.034889
KMTA42,I,8381.91987,0.0,0.0,17.361034,0.049396
KMTA42,I,8381.93806,0.0,0.0,17.238274,0.03813
KMTA42,I,8381.94946,0.0,0.0,17.210771,0.034106
KMTA42,I,8381.96048,0.0,0.0,17.17054,0.031055
KMTA42,I,8381.97206,0.0,0.0,17.218228,0.034253
KMTA42,I,8381.98332,0.0,0.0,17.166424,0.032136
KMTA42,I,8382.00237,0.0,0.0,17.138259,0.033765
KMTA42,I,8382.01403,0.0,0.0,17.317491,0.046805
KMTA42,I,8382.88093,0.0,0.0,17.212546,0.030466
KMTA42,I,8382.8925,0.0,0.0,17.218702,0.031267
KMTA42,I,8382.90748,0.0,0.0,17.242551,0.032152
KMTA42,I,8382.91849,0.0,0.0,17.199185,0.030628
KMTA42,I,8382.92951,0.0,0.0,17.197768,0.028749
KMTA42,I,8382.9479,0.0,0.0,17.276749,0.02897
KMTA42,I,8382.95932,0.0,0.0,17.213611,0.035226
KMTA42,I,8382.9707,0.0,0.0,17.16137,0.033102
KMTA42,I,8382.98233,0.0,0.0,17.222731,0.031617
KMTA42,I,8382.99415,0.0,0.0,17.27878,0.039142
KMTA42,I,8383.0129,0.0,0.0,17.264933,0.03471
KMTA42,I,8384.88963,0.0,0.0,17.171481,0.031499
KMTA42,I,8384.90895,0.0,0.0,17.253019,0.025983
KMTA42,I,8384.92015,0.0,0.0,17.171952,0.03381
KMTA42,I,8384.93142,0.0,0.0,17.161017,0.06228
KMTA42,I,8384.94292,0.0,0.0,17.144235,0.126879
KMTA42,I,8385.88083,0.0,0.0,17.292058,0.055717
KMTA42,I,8385.89963,0.0,0.0,17.32158,0.054391
KMTA42,I,8385.91119,0.0,0.0,17.225457,0.09491
KMTA42,I,8385.92288,0.0,0.0,16.771117,0.288198
KMTA42,I,8385.93422,0.0,0.0,17.36515,0.049769
KMTA42,I,8385.94612,0.0,0.0,17.305482,0.055269
KMTA42,I,8385.96753,0.0,0.0,17.207222,0.044605
KMTA42,I,8385.97866,0.0,0.0,17.249686,0.048559
KMTA42,I,8385.99001,0.0,0.0,17.35015,0.092633
KMTA42,I,8386.88532,0.0,0.0,17.16278,0.026856
KMTA42,I,8386.89858,0.0,0.0,17.190332,0.03004
KMTA42,I,8386.94375,0.0,0.0,17.058562,0.231899
KMTA42,I,8386.95529,0.0,0.0,17.191866,0.029165
KMTA42,I,8387.88578,0.0,0.0,17.325911,0.051718
KMTA42,I,8387.90338,0.0,0.0,17.437517,0.069225
KMTA42,I,8387.91445,0.0,0.0,17.315328,0.055465
KMTA42,I,8387.92597,0.0,0.0,17.303443,0.073375
KMTA42,I,8387.93766,0.0,0.0,17.477981,0.093468
KMTA42,I,8388.88557,0.0,0.0,17.206749,0.021853
KMTA42,I,8388.89684,0.0,0.0,17.242432,0.022627
KMTA42,I,8388.9266,0.0,0.0,17.211954,0.025058
KMTA42,I,8388.93764,0.0,0.0,17.223205,0.025429
KMTA42,I,8388.94912,0.0,0.0,17.240887,0.024389
KMTA42,I,8388.96066,0.0,0.0,17.224153,0.022348
KMTA42,I,8388.97221,0.0,0.0,17.231744,0.026123
KMTA42,I,8388.9882,0.0,0.0,17.203912,0.025029
KMTA42,I,8390.88373,0.0,0.0,17.233049,0.036546
KMTA42,I,8390.89473,0.0,0.0,17.297808,0.038358
KMTA42,I,8390.91374,0.0,0.0,17.286792,0.042438
KMTA42,I,8390.92533,0.0,0.0,16.849986,0.147437
KMTA42,I,8390.9396,0.0,0.0,17.348942,0.047942
KMTA42,I,8390.95088,0.0,0.0,17.306682,0.044703
KMTA42,I,8390.98102,0.0,0.0,17.346647,0.045888
KMTA42,I,8391.88703,0.0,0.0,17.201548,0.028323
KMTA42,I,8391.90525,0.0,0.0,17.256829,0.036562
KMTA42,I,8391.91686,0.0,0.0,17.245166,0.033942
KMTA42,I,8391.92812,0.0,0.0,17.228777,0.028655
KMTA42,I,8391.93995,0.0,0.0,17.19163,0.024986
KMTA42,I,8391.95156,0.0,0.0,17.229964,0.025233
KMTA42,I,8391.97172,0.0,0.0,17.215742,0.031143
KMTA42,I,8391.98444,0.0,0.0,17.273286,0.033191
KMTA42,I,8392.88345,0.0,0.0,17.200367,0.027547
KMTA42,I,8392.8947,0.0,0.0,17.211481,0.026268
KMTA42,I,8392.91221,0.0,0.0,17.231625,0.024025
KMTA42,I,8392.9238,0.0,0.0,17.216689,0.022433
KMTA42,I,8392.93537,0.0,0.0,17.240174,0.023282
KMTA42,I,8392.9553,0.0,0.0,17.209469,0.019671
KMTA42,I,8392.96637,0.0,0.0,17.242551,0.021195
KMTA42,I,8392.98532,0.0,0.0,17.19104,0.019728
KMTA42,I,8393.9091,0.0,0.0,17.25159,0.024427
KMTA42,I,8393.92074,0.0,0.0,17.252423,0.023545
KMTA42,I,8393.93257,0.0,0.0,17.234592,0.02161
KMTA42,I,8393.96598,0.0,0.0,17.22119,0.019375
KMTA42,I,8393.97725,0.0,0.0,17.178898,0.020131
KMTA42,I,8397.8962,0.0,0.0,17.242789,0.02949
KMTA42,I,8397.90755,0.0,0.0,17.202139,0.021401
KMTA42,I,8397.91883,0.0,0.0,17.206749,0.024269
KMTA42,I,8397.93016,0.0,0.0,17.190332,0.023774
KMTA42,I,8397.94942,0.0,0.0,17.165601,0.023911
KMTA42,I,8397.96908,0.0,0.0,17.208168,0.022077
KMTA42,I,8398.88488,0.0,0.0,17.179251,0.019152
KMTA42,I,8398.89615,0.0,0.0,17.212664,0.017605
KMTA42,I,8398.90902,0.0,0.0,17.236373,0.019308
KMTA42,I,8398.92011,0.0,0.0,17.214558,0.019138
KMTA42,I,8398.94172,0.0,0.0,17.22522,0.024334
KMTA42,I,8398.953,0.0,0.0,17.232218,0.022153
KMTA42,I,8398.96597,0.0,0.0,17.21965,0.02663
KMTA42,I,8399.88748,0.0,0.0,17.194226,0.014745
KMTA42,I,8399.89869,0.0,0.0,17.189388,0.015058
KMTA42,I,8399.91139,0.0,0.0,17.199185,0.015511
KMTA42,I,8399.92289,0.0,0.0,17.208523,0.01499
KMTA42,I,8399.94303,0.0,0.0,17.185025,0.014941
KMTA42,I,8399.96175,0.0,0.0,17.219294,0.01784
KMTA42,I,8400.88674,0.0,0.0,17.216926,0.016635
KMTA42,I,8400.89791,0.0,0.0,17.21586,0.015981
KMTA42,I,8400.91114,0.0,0.0,17.204148,0.019328
KMTA42,I,8400.92234,0.0,0.0,17.221545,0.016211
KMTA42,I,8400.93363,0.0,0.0,17.204857,0.018348
KMTA42,I,8404.89496,0.0,0.0,17.248378,0.020993
KMTA42,I,8405.95429,0.0,0.0,17.201548,0.028323
KMTA42,I,8406.8833,0.0,0.0,17.188209,0.025084
KMTA42,I,8406.89462,0.0,0.0,17.171717,0.026341
KMTA42,I,8406.90629,0.0,0.0,17.175836,0.026136
KMTA42,I,8406.91791,0.0,0.0,17.214558,0.024737
KMTA42,I,8406.92916,0.0,0.0,17.189152,0.024867
KMTA42,I,8406.94275,0.0,0.0,17.104951,0.03787
KMTC01,I,8170.83516,0.0,0.0,17.218,0.013915
KMTC01,I,8170.86392,0.0,0.0,17.2196,0.012408
KMTC01,I,8170.88708,0.0,0.0,17.2281,0.012659
KMTC01,I,8171.8541,0.0,0.0,17.1998,0.012993
KMTC01,I,8171.85564,0.0,0.0,17.2264,0.015093
KMTC01,I,8171.87695,0.0,0.0,17.2037,0.012909
KMTC01,I,8171.88268,0.0,0.0,17.2371,0.016444
KMTC01,I,8172.8663,0.0,0.0,17.2168,0.013915
KMTC01,I,8172.88359,0.0,0.0,17.2165,0.014756
KMTC01,I,8172.9007,0.0,0.0,17.2195,0.021368
KMTC01,I,8173.82927,0.0,0.0,17.2328,0.018138
KMTC01,I,8173.84914,0.0,0.0,17.2384,0.015262
KMTC01,I,8173.88736,0.0,0.0,17.2006,0.025718
KMTC01,I,8174.84594,0.0,0.0,17.1949,0.013412
KMTC01,I,8174.86291,0.0,0.0,17.2263,0.012826
KMTC01,I,8174.8798,0.0,0.0,17.2244,0.011742
KMTC01,I,8174.89924,0.0,0.0,17.1919,0.012993
KMTC01,I,8175.82979,0.0,0.0,17.1947,0.012492
KMTC01,I,8175.8584,0.0,0.0,17.1975,0.012408
KMTC01,I,8175.87919,0.0,0.0,17.2257,0.012075
KMTC01,I,8175.89901,0.0,0.0,17.244,0.016021
KMTC01,I,8176.81789,0.0,0.0,17.2323,0.015768
KMTC01,I,8176.83765,0.0,0.0,17.2326,0.014083
KMTC01,I,8176.85446,0.0,0.0,17.2198,0.012575
KMTC01,I,8176.87127,0.0,0.0,17.236,0.01316
KMTC01,I,8176.90212,0.0,0.0,17.25,0.015768
KMTC01,I,8177.81746,0.0,0.0,17.2131,0.019411
KMTC01,I,8177.86455,0.0,0.0,17.2175,0.013663
KMTC01,I,8177.88208,0.0,0.0,17.2048,0.012241
KMTC01,I,8179.81267,0.0,0.0,17.2113,0.019156
KMTC01,I,8179.83715,0.0,0.0,17.2268,0.015852
KMTC01,I,8179.85419,0.0,0.0,17.2181,0.015599
KMTC01,I,8179.8736,0.0,0.0,17.2263,0.01442
KMTC01,I,8179.89231,0.0,0.0,17.2453,0.01442
KMTC01,I,8180.83296,0.0,0.0,17.2083,0.017036
KMTC01,I,8180.85056,0.0,0.0,17.2192,0.015768
KMTC01,I,8180.86761,0.0,0.0,17.2252,0.014756
KMTC01,I,8180.88457,0.0,0.0,17.2076,0.014504
KMTC01,I,8180.90348,0.0,0.0,17.2122,0.016529
KMTC01,I,8181.81534,0.0,0.0,17.2204,0.015768
KMTC01,I,8181.84518,0.0,0.0,17.2218,0.01358
KMTC01,I,8181.86217,0.0,0.0,17.207,0.012575
KMTC01,I,8181.8638,0.0,0.0,17.2207,0.013077
KMTC01,I,8181.8806,0.0,0.0,17.2157,0.01316
KMTC01,I,8181.89933,0.0,0.0,17.2294,0.012909
KMTC01,I,8182.81207,0.0,0.0,17.1983,0.014588
KMTC01,I,8182.82892,0.0,0.0,17.2187,0.014504
KMTC01,I,8182.86232,0.0,0.0,17.2299,0.014083
KMTC01,I,8182.88546,0.0,0.0,17.2051,0.013077
KMTC01,I,8182.90385,0.0,0.0,17.2056,0.013915
KMTC01,I,8183.80465,0.0,0.0,17.2111,0.016106
KMTC01,I,8183.82252,0.0,0.0,17.2032,0.014588
KMTC01,I,8183.83956,0.0,0.0,17.1948,0.013999
KMTC01,I,8183.87596,0.0,0.0,17.226,0.012408
KMTC01,I,8183.89321,0.0,0.0,17.218,0.012659
KMTC01,I,8183.91151,0.0,0.0,17.1951,0.023157
KMTC01,I,8184.79644,0.0,0.0,17.2279,0.021879
KMTC01,I,8184.81491,0.0,0.0,17.2132,0.018138
KMTC01,I,8184.83147,0.0,0.0,17.2336,0.015768
KMTC01,I,8184.85915,0.0,0.0,17.2041,0.01619
KMTC01,I,8184.87872,0.0,0.0,17.2319,0.015768
KMTC01,I,8184.89704,0.0,0.0,17.222,0.013915
KMTC01,I,8185.80298,0.0,0.0,17.2087,0.015937
KMTC01,I,8185.82294,0.0,0.0,17.21,0.015852
KMTC01,I,8185.85103,0.0,0.0,17.1954,0.01746
KMTC01,I,8185.86885,0.0,0.0,17.1913,0.01484
KMTC01,I,8185.88589,0.0,0.0,17.1965,0.016021
KMTC01,I,8185.90284,0.0,0.0,17.2422,0.017799
KMTC01,I,8186.80015,0.0,0.0,17.1651,0.021879
KMTC01,I,8186.81709,0.0,0.0,17.2013,0.019071
KMTC01,I,8186.83383,0.0,0.0,17.2025,0.01746
KMTC01,I,8186.89045,0.0,0.0,17.2202,0.019071
KMTC01,I,8186.90777,0.0,0.0,17.2422,0.021283
KMTC01,I,8187.79559,0.0,0.0,17.2173,0.01746
KMTC01,I,8187.81257,0.0,0.0,17.2385,0.020176
KMTC01,I,8187.82967,0.0,0.0,17.1931,0.017121
KMTC01,I,8187.86383,0.0,0.0,17.2439,0.024608
KMTC01,I,8187.88076,0.0,0.0,17.2223,0.017544
KMTC01,I,8187.89844,0.0,0.0,17.2437,0.017375
KMTC01,I,8188.78644,0.0,0.0,17.2199,0.018392
KMTC01,I,8188.80594,0.0,0.0,17.2158,0.018053
KMTC01,I,8188.82471,0.0,0.0,17.2472,0.016021
KMTC01,I,8188.85969,0.0,0.0,17.2052,0.015177
KMTC01,I,8188.87939,0.0,0.0,17.2016,0.013412
KMTC01,I,8188.89707,0.0,0.0,17.2146,0.01442
KMTC01,I,8188.91672,0.0,0.0,17.1785,0.030934
KMTC01,I,8189.78846,0.0,0.0,17.2282,0.016952
KMTC01,I,8189.80539,0.0,0.0,17.1698,0.01619
KMTC01,I,8189.83577,0.0,0.0,17.2396,0.016698
KMTC01,I,8189.85268,0.0,0.0,17.233,0.015937
KMTC01,I,8189.86931,0.0,0.0,17.217,0.014083
KMTC01,I,8189.88693,0.0,0.0,17.2104,0.014504
KMTC01,I,8189.90385,0.0,0.0,17.239,0.01442
KMTC01,I,8190.80877,0.0,0.0,17.2259,0.013663
KMTC01,I,8190.82588,0.0,0.0,17.2182,0.012575
KMTC01,I,8190.86034,0.0,0.0,17.2119,0.012826
KMTC01,I,8190.87721,0.0,0.0,17.2144,0.011742
KMTC01,I,8190.90596,0.0,0.0,17.2274,0.013412
KMTC01,I,8191.79061,0.0,0.0,17.22,0.014588
KMTC01,I,8191.79279,0.0,0.0,17.2222,0.014756
KMTC01,I,8191.80961,0.0,0.0,17.2125,0.013915
KMTC01,I,8191.82704,0.0,0.0,17.2145,0.015093
KMTC01,I,8191.84443,0.0,0.0,17.2283,0.014672
KMTC01,I,8191.8887,0.0,0.0,17.2336,0.011492
KMTC01,I,8191.90787,0.0,0.0,17.2233,0.013496
KMTC01,I,8192.78559,0.0,0.0,17.2289,0.013915
KMTC01,I,8192.80244,0.0,0.0,17.2072,0.013747
KMTC01,I,8192.81921,0.0,0.0,17.2212,0.014588
KMTC01,I,8192.84717,0.0,0.0,17.2052,0.012742
KMTC01,I,8192.87585,0.0,0.0,17.2486,0.013915
KMTC01,I,8192.8789,0.0,0.0,17.2354,0.013663
KMTC01,I,8192.89617,0.0,0.0,17.2329,0.013077
KMTC01,I,8192.91317,0.0,0.0,17.2271,0.016359
KMTC01,I,8193.77633,0.0,0.0,17.2227,0.014335
KMTC01,I,8193.79329,0.0,0.0,17.2213,0.013077
KMTC01,I,8193.81094,0.0,0.0,17.2051,0.013077
KMTC01,I,8193.8446,0.0,0.0,17.2025,0.012075
KMTC01,I,8193.86156,0.0,0.0,17.2221,0.012325
KMTC01,I,8193.87885,0.0,0.0,17.2103,0.011492
KMTC01,I,8193.89618,0.0,0.0,17.2203,0.012241
KMTC01,I,8193.91331,0.0,0.0,17.2479,0.021793
KMTC01,I,8194.77041,0.0,0.0,17.2206,0.014756
KMTC01,I,8194.80036,0.0,0.0,17.2374,0.013244
KMTC01,I,8194.81744,0.0,0.0,17.2264,0.013244
KMTC01,I,8194.83458,0.0,0.0,17.2048,0.012659
KMTC01,I,8194.85157,0.0,0.0,17.22,0.012993
KMTC01,I,8194.86864,0.0,0.0,17.2334,0.012158
KMTC01,I,8194.90374,0.0,0.0,17.2071,0.012659
KMTC01,I,8195.78223,0.0,0.0,17.2078,0.016613
KMTC01,I,8195.7996,0.0,0.0,17.2361,0.015346
KMTC01,I,8195.81652,0.0,0.0,17.2154,0.014167
KMTC01,I,8195.83547,0.0,0.0,17.2193,0.013328
KMTC01,I,8195.8523,0.0,0.0,17.2109,0.012826
KMTC01,I,8195.88111,0.0,0.0,17.209,0.013244
KMTC01,I,8195.89818,0.0,0.0,17.2312,0.012993
KMTC01,I,8195.9153,0.0,0.0,17.1912,0.016952
KMTC01,I,8196.7665,0.0,0.0,17.2042,0.013999
KMTC01,I,8196.78307,0.0,0.0,17.2004,0.012659
KMTC01,I,8196.80024,0.0,0.0,17.2343,0.013077
KMTC01,I,8196.83742,0.0,0.0,17.22,0.017883
KMTC01,I,8196.85468,0.0,0.0,17.221,0.014925
KMTC01,I,8196.87161,0.0,0.0,17.2135,0.012659
KMTC01,I,8196.88894,0.0,0.0,17.2174,0.012742
KMTC01,I,8196.90601,0.0,0.0,17.2335,0.011576
KMTC01,I,8197.7825,0.0,0.0,17.2167,0.018817
KMTC01,I,8197.79961,0.0,0.0,17.2289,0.015177
KMTC01,I,8197.81651,0.0,0.0,17.2187,0.015852
KMTC01,I,8197.83383,0.0,0.0,17.2237,0.014167
KMTC01,I,8197.85076,0.0,0.0,17.2138,0.013663
KMTC01,I,8197.88287,0.0,0.0,17.2108,0.012826
KMTC01,I,8197.90529,0.0,0.0,17.2268,0.012575
KMTC01,I,8198.77616,0.0,0.0,17.2033,0.01543
KMTC01,I,8198.79501,0.0,0.0,17.2009,0.01543
KMTC01,I,8198.8119,0.0,0.0,17.1999,0.01442
KMTC01,I,8198.82854,0.0,0.0,17.2253,0.014504
KMTC01,I,8198.85612,0.0,0.0,17.2122,0.015599
KMTC01,I,8198.89327,0.0,0.0,17.2197,0.013915
KMTC01,I,8198.9124,0.0,0.0,17.2292,0.016106
KMTC01,I,8199.75308,0.0,0.0,17.2282,0.017121
KMTC01,I,8199.77093,0.0,0.0,17.2121,0.014588
KMTC01,I,8199.79888,0.0,0.0,17.196,0.016444
KMTC01,I,8199.81723,0.0,0.0,17.2122,0.013244
KMTC01,I,8199.83452,0.0,0.0,17.2185,0.012408
KMTC01,I,8199.85427,0.0,0.0,17.2111,0.012909
KMTC01,I,8199.87118,0.0,0.0,17.2279,0.013915
KMTC01,I,8199.90012,0.0,0.0,17.226,0.015684
KMTC01,I,8199.9171,0.0,0.0,17.2047,0.017206
KMTC01,I,8200.75453,0.0,0.0,17.2005,0.015599
KMTC01,I,8200.77183,0.0,0.0,17.2218,0.014083
KMTC01,I,8200.78875,0.0,0.0,17.2342,0.016529
KMTC01,I,8200.80558,0.0,0.0,17.2395,0.015599
KMTC01,I,8200.83315,0.0,0.0,17.2261,0.014335
KMTC01,I,8200.85043,0.0,0.0,17.1967,0.013831
KMTC01,I,8200.86731,0.0,0.0,17.2347,0.014083
KMTC01,I,8200.88563,0.0,0.0,17.2465,0.015262
KMTC01,I,8200.90505,0.0,0.0,17.2358,0.014167
KMTC01,I,8201.75845,0.0,0.0,17.2001,0.018138
KMTC01,I,8201.81081,0.0,0.0,17.209,0.013496
KMTC01,I,8201.83065,0.0,0.0,17.2081,0.01316
KMTC01,I,8201.84954,0.0,0.0,17.2405,0.013244
KMTC01,I,8201.9072,0.0,0.0,17.2112,0.011825
KMTC01,I,8202.7819,0.0,0.0,17.2126,0.013915
KMTC01,I,8202.79883,0.0,0.0,17.206,0.012659
KMTC01,I,8202.81598,0.0,0.0,17.2134,0.012909
KMTC01,I,8202.83312,0.0,0.0,17.211,0.011991
KMTC01,I,8202.85376,0.0,0.0,17.2046,0.011659
KMTC01,I,8202.88573,0.0,0.0,17.2202,0.012659
KMTC01,I,8202.91068,0.0,0.0,17.2369,0.012075
KMTC01,I,8203.7434,0.0,0.0,17.2141,0.012909
KMTC01,I,8203.7606,0.0,0.0,17.1787,0.012492
KMTC01,I,8203.77712,0.0,0.0,17.2003,0.013328
KMTC01,I,8203.7942,0.0,0.0,17.2241,0.011908
KMTC01,I,8203.82784,0.0,0.0,17.2305,0.01316
KMTC01,I,8203.84503,0.0,0.0,17.2244,0.012408
KMTC01,I,8203.86196,0.0,0.0,17.238,0.015346
KMTC01,I,8203.87898,0.0,0.0,17.2314,0.019241
KMTC01,I,8203.89618,0.0,0.0,17.2118,0.025291
KMTC01,I,8203.91381,0.0,0.0,17.186,0.029907
KMTC01,I,8204.77836,0.0,0.0,17.2249,0.017883
KMTC01,I,8204.79588,0.0,0.0,17.2329,0.016106
KMTC01,I,8204.81298,0.0,0.0,17.2201,0.014167
KMTC01,I,8204.83023,0.0,0.0,17.2075,0.013412
KMTC01,I,8204.84798,0.0,0.0,17.2309,0.015177
KMTC01,I,8204.87525,0.0,0.0,17.2178,0.014251
KMTC01,I,8204.89172,0.0,0.0,17.2263,0.012742
KMTC01,I,8204.91062,0.0,0.0,17.2216,0.012075
KMTC01,I,8205.75159,0.0,0.0,17.2152,0.015177
KMTC01,I,8205.76895,0.0,0.0,17.2176,0.015093
KMTC01,I,8205.79921,0.0,0.0,17.2016,0.01358
KMTC01,I,8205.81636,0.0,0.0,17.2302,0.013412
KMTC01,I,8205.83306,0.0,0.0,17.2309,0.013077
KMTC01,I,8205.85038,0.0,0.0,17.2322,0.012575
KMTC01,I,8205.86769,0.0,0.0,17.212,0.013412
KMTC01,I,8205.89985,0.0,0.0,17.2073,0.012075
KMTC01,I,8206.75093,0.0,0.0,17.2174,0.016867
KMTC01,I,8206.76807,0.0,0.0,17.1973,0.013496
KMTC01,I,8206.78513,0.0,0.0,17.1984,0.014925
KMTC01,I,8206.80199,0.0,0.0,17.2251,0.017883
KMTC01,I,8206.819,0.0,0.0,17.2076,0.011742
KMTC01,I,8206.84697,0.0,0.0,17.2254,0.014083
KMTC01,I,8206.86382,0.0,0.0,17.2086,0.013077
KMTC01,I,8206.88109,0.0,0.0,17.2183,0.018647
KMTC01,I,8206.89804,0.0,0.0,17.2231,0.014251
KMTC01,I,8206.91719,0.0,0.0,17.216,0.021964
KMTC01,I,8207.73799,0.0,0.0,17.2043,0.016698
KMTC01,I,8207.76896,0.0,0.0,17.2084,0.01543
KMTC01,I,8207.78596,0.0,0.0,17.2105,0.013663
KMTC01,I,8207.80326,0.0,0.0,17.2266,0.013077
KMTC01,I,8207.82196,0.0,0.0,17.2314,0.01358
KMTC01,I,8207.83887,0.0,0.0,17.2188,0.014083
KMTC01,I,8207.86696,0.0,0.0,17.2182,0.012075
KMTC01,I,8207.88368,0.0,0.0,17.2306,0.011161
KMTC01,I,8207.90248,0.0,0.0,17.2185,0.011742
KMTC01,I,8207.91981,0.0,0.0,17.225,0.013328
KMTC01,I,8208.73552,0.0,0.0,17.1971,0.016867
KMTC01,I,8208.75275,0.0,0.0,17.2033,0.015684
KMTC01,I,8208.76946,0.0,0.0,17.2162,0.014335
KMTC01,I,8208.79814,0.0,0.0,17.2419,0.014672
KMTC01,I,8208.81486,0.0,0.0,17.22,0.013831
KMTC01,I,8208.83195,0.0,0.0,17.2149,0.012826
KMTC01,I,8208.85335,0.0,0.0,17.1984,0.025974
KMTC01,I,8208.87043,0.0,0.0,17.2136,0.011244
KMTC01,I,8208.89893,0.0,0.0,17.2007,0.021368
KMTC01,I,8208.91611,0.0,0.0,17.1974,0.015768
KMTC01,I,8209.74072,0.0,0.0,17.2084,0.014756
KMTC01,I,8209.75745,0.0,0.0,17.229,0.014251
KMTC01,I,8209.77431,0.0,0.0,17.2226,0.014167
KMTC01,I,8209.80438,0.0,0.0,17.1958,0.012909
KMTC01,I,8209.82501,0.0,0.0,17.2419,0.012909
KMTC01,I,8209.84191,0.0,0.0,17.1939,0.013244
KMTC01,I,8209.85925,0.0,0.0,17.2127,0.011908
KMTC01,I,8209.88515,0.0,0.0,17.2384,0.013244
KMTC01,I,8209.91317,0.0,0.0,17.2283,0.012826
KMTC01,I,8210.72726,0.0,0.0,17.1984,0.016359
KMTC01,I,8210.75252,0.0,0.0,17.2148,0.017714
KMTC01,I,8210.7698,0.0,0.0,17.2397,0.018562
KMTC01,I,8210.78744,0.0,0.0,17.2005,0.015009
KMTC01,I,8210.80403,0.0,0.0,17.1885,0.01358
KMTC01,I,8210.82128,0.0,0.0,17.219,0.013244
KMTC01,I,8210.8494,0.0,0.0,17.2222,0.014251
KMTC01,I,8210.86671,0.0,0.0,17.2383,0.013077
KMTC01,I,8210.88398,0.0,0.0,17.2173,0.012492
KMTC01,I,8210.9016,0.0,0.0,17.2195,0.012993
KMTC01,I,8210.91893,0.0,0.0,17.2073,0.015515
KMTC01,I,8211.7536,0.0,0.0,17.2465,0.015937
KMTC01,I,8211.77044,0.0,0.0,17.2014,0.014588
KMTC01,I,8211.78748,0.0,0.0,17.2222,0.014925
KMTC01,I,8211.8046,0.0,0.0,17.2258,0.01358
KMTC01,I,8211.82133,0.0,0.0,17.2251,0.012993
KMTC01,I,8211.85041,0.0,0.0,17.2331,0.012742
KMTC01,I,8211.86697,0.0,0.0,17.2406,0.013831
KMTC01,I,8211.88986,0.0,0.0,17.2232,0.014672
KMTC01,I,8211.90691,0.0,0.0,17.2091,0.01442
KMTC01,I,8211.92453,0.0,0.0,17.2329,0.020772
KMTC01,I,8212.72009,0.0,0.0,17.1918,0.015599
KMTC01,I,8212.75139,0.0,0.0,17.1814,0.014335
KMTC01,I,8212.7686,0.0,0.0,17.175,0.013747
KMTC01,I,8212.78523,0.0,0.0,17.2114,0.01358
KMTC01,I,8212.80238,0.0,0.0,17.1935,0.012492
KMTC01,I,8212.8193,0.0,0.0,17.1986,0.012659
KMTC01,I,8212.83654,0.0,0.0,17.2229,0.01358
KMTC01,I,8212.86425,0.0,0.0,17.2149,0.016021
KMTC01,I,8212.88537,0.0,0.0,17.2334,0.012909
KMTC01,I,8212.90272,0.0,0.0,17.2261,0.015093
KMTC01,I,8212.92586,0.0,0.0,17.2053,0.021027
KMTC01,I,8213.71586,0.0,0.0,17.2081,0.019156
KMTC01,I,8213.74034,0.0,0.0,17.221,0.019666
KMTC01,I,8213.76799,0.0,0.0,17.2166,0.016952
KMTC01,I,8213.78527,0.0,0.0,17.2286,0.015346
KMTC01,I,8213.8052,0.0,0.0,17.231,0.014251
KMTC01,I,8213.83081,0.0,0.0,17.2254,0.014504
KMTC01,I,8213.84814,0.0,0.0,17.2212,0.014083
KMTC01,I,8213.87988,0.0,0.0,17.2245,0.013244
KMTC01,I,8213.89858,0.0,0.0,17.2282,0.020772
KMTC01,I,8213.91599,0.0,0.0,17.1904,0.017629
KMTC01,I,8214.72659,0.0,0.0,17.2402,0.037787
KMTC01,I,8214.74381,0.0,0.0,17.2755,0.030249
KMTC01,I,8214.77179,0.0,0.0,17.1923,0.022987
KMTC01,I,8214.78877,0.0,0.0,17.2272,0.021197
KMTC01,I,8214.80597,0.0,0.0,17.1971,0.020517
KMTC01,I,8214.82322,0.0,0.0,17.2093,0.020517
KMTC01,I,8214.84077,0.0,0.0,17.2024,0.018562
KMTC01,I,8214.85777,0.0,0.0,17.2314,0.018223
KMTC01,I,8214.88725,0.0,0.0,17.1855,0.016867
KMTC01,I,8214.90455,0.0,0.0,17.2208,0.017968
KMTC01,I,8214.923,0.0,0.0,17.2193,0.023754
KMTC01,I,8215.7134,0.0,0.0,17.1716,0.021964
KMTC01,I,8215.71824,0.0,0.0,17.1889,0.018392
KMTC01,I,8215.7352,0.0,0.0,17.2312,0.020346
KMTC01,I,8215.75232,0.0,0.0,17.2094,0.021283
KMTC01,I,8215.78745,0.0,0.0,17.2209,0.019581
KMTC01,I,8215.8067,0.0,0.0,17.1952,0.019496
KMTC01,I,8215.82385,0.0,0.0,17.2427,0.020942
KMTC01,I,8215.84065,0.0,0.0,17.2085,0.02965
KMTC01,I,8215.85826,0.0,0.0,17.2183,0.021879
KMTC01,I,8215.8871,0.0,0.0,17.2315,0.022816
KMTC01,I,8215.92249,0.0,0.0,17.2346,0.014756
KMTC01,I,8216.71112,0.0,0.0,17.2176,0.015177
KMTC01,I,8216.72806,0.0,0.0,17.2185,0.013412
KMTC01,I,8216.74536,0.0,0.0,17.2077,0.012325
KMTC01,I,8216.76248,0.0,0.0,17.2036,0.012158
KMTC01,I,8216.79198,0.0,0.0,17.2226,0.012325
KMTC01,I,8216.81991,0.0,0.0,17.2136,0.012826
KMTC01,I,8216.83705,0.0,0.0,17.2221,0.013496
KMTC01,I,8216.8551,0.0,0.0,17.1887,0.012909
KMTC01,I,8216.87183,0.0,0.0,17.2361,0.012492
KMTC01,I,8216.88875,0.0,0.0,17.2089,0.01316
KMTC01,I,8216.91601,0.0,0.0,17.2262,0.012492
KMTC01,I,8216.93295,0.0,0.0,17.2052,0.022901
KMTC01,I,8217.70716,0.0,0.0,17.2112,0.017036
KMTC01,I,8217.72429,0.0,0.0,17.2066,0.017883
KMTC01,I,8217.74191,0.0,0.0,17.1966,0.016444
KMTC01,I,8217.75885,0.0,0.0,17.2082,0.013077
KMTC01,I,8217.78852,0.0,0.0,17.2002,0.012158
KMTC01,I,8217.80541,0.0,0.0,17.2158,0.012158
KMTC01,I,8217.8218,0.0,0.0,17.2166,0.011991
KMTC01,I,8217.84446,0.0,0.0,17.2332,0.013077
KMTC01,I,8217.86332,0.0,0.0,17.2117,0.015346
KMTC01,I,8217.89103,0.0,0.0,17.2042,0.011991
KMTC01,I,8217.89252,0.0,0.0,17.2098,0.012075
KMTC01,I,8217.90954,0.0,0.0,17.2043,0.013077
KMTC01,I,8217.92685,0.0,0.0,17.2064,0.016106
KMTC01,I,8218.70641,0.0,0.0,17.1925,0.041389
KMTC01,I,8218.72449,0.0,0.0,17.2783,0.046537
KMTC01,I,8218.74623,0.0,0.0,17.1946,0.043448
KMTC01,I,8218.76329,0.0,0.0,17.2193,0.058729
KMTC01,I,8220.71804,0.0,0.0,17.2215,0.013831
KMTC01,I,8220.74312,0.0,0.0,17.2035,0.012826
KMTC01,I,8220.76477,0.0,0.0,17.2381,0.013496
KMTC01,I,8220.78138,0.0,0.0,17.2004,0.013244
KMTC01,I,8220.80133,0.0,0.0,17.2115,0.012909
KMTC01,I,8220.81871,0.0,0.0,17.2059,0.011742
KMTC01,I,8220.84865,0.0,0.0,17.2187,0.012492
KMTC01,I,8220.86599,0.0,0.0,17.2218,0.012492
KMTC01,I,8220.88817,0.0,0.0,17.2075,0.012325
KMTC01,I,8220.90898,0.0,0.0,17.2062,0.012826
KMTC01,I,8220.92668,0.0,0.0,17.2125,0.016359
KMTC01,I,8221.73671,0.0,0.0,17.2094,0.011991
KMTC01,I,8221.75362,0.0,0.0,17.2231,0.012909
KMTC01,I,8221.77088,0.0,0.0,17.1902,0.012075
KMTC01,I,8221.78761,0.0,0.0,17.2086,0.011244
KMTC01,I,8221.80485,0.0,0.0,17.24,0.011244
KMTC01,I,8221.83602,0.0,0.0,17.2277,0.015009
KMTC01,I,8221.85314,0.0,0.0,17.2194,0.011327
KMTC01,I,8221.85475,0.0,0.0,17.2044,0.011409
KMTC01,I,8221.87363,0.0,0.0,17.2314,0.011492
KMTC01,I,8221.89112,0.0,0.0,17.2236,0.011492
KMTC01,I,8221.90851,0.0,0.0,17.221,0.012241
KMTC01,I,8222.71221,0.0,0.0,17.227,0.013077
KMTC01,I,8222.73001,0.0,0.0,17.2248,0.012659
KMTC01,I,8222.74728,0.0,0.0,17.2327,0.011991
KMTC01,I,8222.78107,0.0,0.0,17.2262,0.012575
KMTC01,I,8222.7978,0.0,0.0,17.2146,0.011991
KMTC01,I,8222.82604,0.0,0.0,17.2102,0.011908
KMTC01,I,8222.84312,0.0,0.0,17.2284,0.012575
KMTC01,I,8222.86005,0.0,0.0,17.2171,0.011742
KMTC01,I,8222.87721,0.0,0.0,17.227,0.011742
KMTC01,I,8222.89422,0.0,0.0,17.2296,0.011327
KMTC01,I,8222.92211,0.0,0.0,17.2233,0.011908
KMTC01,I,8223.69645,0.0,0.0,17.2698,0.021368
KMTC01,I,8223.71347,0.0,0.0,17.2172,0.020261
KMTC01,I,8223.73038,0.0,0.0,17.2013,0.019071
KMTC01,I,8223.7472,0.0,0.0,17.2062,0.01729
KMTC01,I,8223.76697,0.0,0.0,17.2199,0.016867
KMTC01,I,8223.79444,0.0,0.0,17.213,0.013077
KMTC01,I,8223.81507,0.0,0.0,17.2047,0.013915
KMTC01,I,8223.83166,0.0,0.0,17.1964,0.014083
KMTC01,I,8223.84871,0.0,0.0,17.1966,0.012575
KMTC01,I,8223.86598,0.0,0.0,17.2198,0.012909
KMTC01,I,8223.89351,0.0,0.0,17.2172,0.012075
KMTC01,I,8223.91086,0.0,0.0,17.2136,0.013747
KMTC01,I,8223.92804,0.0,0.0,17.2296,0.020772
KMTC01,I,8224.69108,0.0,0.0,17.2506,0.021623
KMTC01,I,8224.70933,0.0,0.0,17.2197,0.017544
KMTC01,I,8224.72639,0.0,0.0,17.2278,0.016359
KMTC01,I,8224.75024,0.0,0.0,17.2061,0.014167
KMTC01,I,8224.77817,0.0,0.0,17.218,0.015177
KMTC01,I,8224.79535,0.0,0.0,17.2329,0.013999
KMTC01,I,8224.81269,0.0,0.0,17.2573,0.014335
KMTC01,I,8224.82945,0.0,0.0,17.2013,0.013747
KMTC01,I,8224.84644,0.0,0.0,17.2176,0.012742
KMTC01,I,8224.874,0.0,0.0,17.2229,0.013663
KMTC01,I,8224.89111,0.0,0.0,17.2116,0.011825
KMTC01,I,8224.91632,0.0,0.0,17.2138,0.016952
KMTC01,I,8225.69811,0.0,0.0,17.2287,0.023413
KMTC01,I,8225.71498,0.0,0.0,17.2211,0.015009
KMTC01,I,8225.73155,0.0,0.0,17.2173,0.015684
KMTC01,I,8225.77004,0.0,0.0,17.2057,0.013747
KMTC01,I,8225.78734,0.0,0.0,17.2147,0.016106
KMTC01,I,8225.80473,0.0,0.0,17.2026,0.015177
KMTC01,I,8225.82176,0.0,0.0,17.2024,0.015346
KMTC01,I,8225.8384,0.0,0.0,17.2075,0.014083
KMTC01,I,8225.86643,0.0,0.0,17.2293,0.01358
KMTC01,I,8225.88389,0.0,0.0,17.2081,0.016021
KMTC01,I,8225.90147,0.0,0.0,17.2094,0.015852
KMTC01,I,8225.92586,0.0,0.0,17.2167,0.014925
KMTC01,I,8226.68942,0.0,0.0,17.278,0.02512
KMTC01,I,8226.71062,0.0,0.0,17.2197,0.018817
KMTC01,I,8226.72795,0.0,0.0,17.2158,0.018053
KMTC01,I,8226.7577,0.0,0.0,17.2127,0.013999
KMTC01,I,8226.77485,0.0,0.0,17.2212,0.014251
KMTC01,I,8226.79194,0.0,0.0,17.2129,0.01358
KMTC01,I,8226.81302,0.0,0.0,17.2086,0.012325
KMTC01,I,8226.83058,0.0,0.0,17.2008,0.012325
KMTC01,I,8226.85848,0.0,0.0,17.2172,0.014335
KMTC01,I,8226.87714,0.0,0.0,17.2177,0.012826
KMTC01,I,8226.89434,0.0,0.0,17.2254,0.012742
KMTC01,I,8226.91122,0.0,0.0,17.2265,0.011825
KMTC01,I,8226.92811,0.0,0.0,17.2245,0.013496
KMTC01,I,8227.68303,0.0,0.0,17.2105,0.014251
KMTC01,I,8227.7125,0.0,0.0,17.2197,0.012826
KMTC01,I,8227.74933,0.0,0.0,17.2104,0.012575
KMTC01,I,8227.76639,0.0,0.0,17.2107,0.012659
KMTC01,I,8227.78312,0.0,0.0,17.216,0.011908
KMTC01,I,8227.81179,0.0,0.0,17.2074,0.012158
KMTC01,I,8227.8398,0.0,0.0,17.1996,0.012325
KMTC01,I,8227.85712,0.0,0.0,17.2227,0.011991
KMTC01,I,8227.87391,0.0,0.0,17.2293,0.012575
KMTC01,I,8227.89252,0.0,0.0,17.2334,0.014167
KMTC01,I,8227.90941,0.0,0.0,17.218,0.013915
KMTC01,I,8228.68727,0.0,0.0,17.2227,0.016952
KMTC01,I,8228.7044,0.0,0.0,17.2071,0.015346
KMTC01,I,8228.72483,0.0,0.0,17.2129,0.013999
KMTC01,I,8228.74205,0.0,0.0,17.2014,0.013831
KMTC01,I,8228.75964,0.0,0.0,17.213,0.012659
KMTC01,I,8228.78736,0.0,0.0,17.2133,0.012492
KMTC01,I,8228.79024,0.0,0.0,17.2309,0.012492
KMTC01,I,8228.81371,0.0,0.0,17.228,0.011908
KMTC01,I,8228.83083,0.0,0.0,17.2258,0.011991
KMTC01,I,8228.84803,0.0,0.0,17.2177,0.011659
KMTC01,I,8228.86508,0.0,0.0,17.2162,0.012659
KMTC01,I,8228.89334,0.0,0.0,17.2084,0.011908
KMTC01,I,8228.9109,0.0,0.0,17.2212,0.011908
KMTC01,I,8228.9274,0.0,0.0,17.2233,0.013831
KMTC01,I,8229.68175,0.0,0.0,17.224,0.01442
KMTC01,I,8229.69882,0.0,0.0,17.2258,0.017206
KMTC01,I,8229.71578,0.0,0.0,17.1982,0.016952
KMTC01,I,8229.73245,0.0,0.0,17.2171,0.011991
KMTC01,I,8229.76322,0.0,0.0,17.2272,0.012408
KMTC01,I,8229.78345,0.0,0.0,17.2074,0.011161
KMTC01,I,8229.80048,0.0,0.0,17.2207,0.011492
KMTC01,I,8229.81729,0.0,0.0,17.204,0.010912
KMTC01,I,8229.83723,0.0,0.0,17.2346,0.020857
KMTC01,I,8229.86745,0.0,0.0,17.2274,0.013496
KMTC01,I,8229.88416,0.0,0.0,17.2192,0.012325
KMTC01,I,8229.90165,0.0,0.0,17.2391,0.018053
KMTC01,I,8230.68894,0.0,0.0,17.2144,0.013663
KMTC01,I,8230.71806,0.0,0.0,17.2152,0.013747
KMTC01,I,8230.73514,0.0,0.0,17.2107,0.014167
KMTC01,I,8230.75213,0.0,0.0,17.2238,0.014925
KMTC01,I,8230.77926,0.0,0.0,17.2149,0.012993
KMTC01,I,8230.79618,0.0,0.0,17.2094,0.014756
KMTC01,I,8230.82592,0.0,0.0,17.2241,0.013328
KMTC01,I,8230.84309,0.0,0.0,17.201,0.012325
KMTC01,I,8230.86016,0.0,0.0,17.2078,0.012075
KMTC01,I,8230.87797,0.0,0.0,17.2039,0.010995
KMTC01,I,8230.89506,0.0,0.0,17.2165,0.011327
KMTC01,I,8230.91638,0.0,0.0,17.1984,0.011327
KMTC01,I,8231.68473,0.0,0.0,17.2064,0.020772
KMTC01,I,8231.70224,0.0,0.0,17.2365,0.024608
KMTC01,I,8231.71962,0.0,0.0,17.1816,0.023242
KMTC01,I,8231.73951,0.0,0.0,17.2263,0.016867
KMTC01,I,8231.75641,0.0,0.0,17.1545,0.023754
KMTC01,I,8231.78642,0.0,0.0,17.2713,0.053061
KMTC01,I,8231.80356,0.0,0.0,17.1845,0.025803
KMTC01,I,8231.84103,0.0,0.0,17.21,0.030763
KMTC01,I,8231.85867,0.0,0.0,17.1746,0.028795
KMTC01,I,8231.87044,0.0,0.0,17.2374,0.01484
KMTC01,I,8231.90061,0.0,0.0,17.2977,0.070498
KMTC01,I,8231.92809,0.0,0.0,17.1814,0.030848
KMTC01,I,8231.93006,0.0,0.0,17.2199,0.015262
KMTC01,I,8233.66367,0.0,0.0,17.208,0.019241
KMTC01,I,8233.68083,0.0,0.0,17.1792,0.021964
KMTC01,I,8233.71311,0.0,0.0,17.2125,0.020857
KMTC01,I,8233.75078,0.0,0.0,17.1922,0.015599
KMTC01,I,8233.76828,0.0,0.0,17.2149,0.013244
KMTC01,I,8233.78879,0.0,0.0,17.2241,0.013915
KMTC01,I,8233.80595,0.0,0.0,17.2261,0.01358
KMTC01,I,8233.82364,0.0,0.0,17.2002,0.012826
KMTC01,I,8233.84048,0.0,0.0,17.2231,0.015937
KMTC01,I,8233.86817,0.0,0.0,17.2233,0.012492
KMTC01,I,8233.88535,0.0,0.0,17.2026,0.012742
KMTC01,I,8233.90503,0.0,0.0,17.223,0.014588
KMTC01,I,8233.92426,0.0,0.0,17.2076,0.015599
KMTC01,I,8235.66217,0.0,0.0,17.1968,0.018223
KMTC01,I,8235.68361,0.0,0.0,17.2114,0.016782
KMTC01,I,8235.71126,0.0,0.0,17.2156,0.015937
KMTC01,I,8235.72855,0.0,0.0,17.2386,0.259909
KMTC01,I,8235.74875,0.0,0.0,17.2186,0.025034
KMTC01,I,8235.76591,0.0,0.0,17.3905,0.104361
KMTC01,I,8235.78288,0.0,0.0,17.5082,0.263951
KMTC01,I,8235.81221,0.0,0.0,17.1988,0.018562
KMTC01,I,8235.82908,0.0,0.0,17.1915,0.013412
KMTC01,I,8235.84603,0.0,0.0,17.2013,0.01358
KMTC01,I,8235.86318,0.0,0.0,17.2193,0.013999
KMTC01,I,8235.88208,0.0,0.0,17.2142,0.014083
KMTC01,I,8235.91126,0.0,0.0,17.2099,0.013077
KMTC01,I,8235.93024,0.0,0.0,17.1898,0.018392
KMTC01,I,8236.70446,0.0,0.0,17.1992,0.015937
KMTC01,I,8236.72167,0.0,0.0,17.2046,0.015515
KMTC01,I,8236.73875,0.0,0.0,17.2101,0.014588
KMTC01,I,8236.75602,0.0,0.0,17.2208,0.013999
KMTC01,I,8236.79103,0.0,0.0,17.2348,0.016613
KMTC01,I,8236.80788,0.0,0.0,17.1976,0.013496
KMTC01,I,8236.82497,0.0,0.0,17.1992,0.014504
KMTC01,I,8236.84161,0.0,0.0,17.2062,0.015852
KMTC01,I,8236.86329,0.0,0.0,17.1965,0.049283
KMTC01,I,8236.89159,0.0,0.0,17.2154,0.01316
KMTC01,I,8236.90847,0.0,0.0,17.1942,0.031875
KMTC01,I,8236.92538,0.0,0.0,17.2541,0.064226
KMTC01,I,8237.81866,0.0,0.0,17.1586,0.060618
KMTC01,I,8237.83575,0.0,0.0,17.4343,0.133248
KMTC01,I,8237.88496,0.0,0.0,17.2173,0.014672
KMTC01,I,8237.9026,0.0,0.0,17.2408,0.016529
KMTC01,I,8237.91934,0.0,0.0,17.197,0.013999
KMTC01,I,8238.66293,0.0,0.0,17.1688,0.019156
KMTC01,I,8238.69609,0.0,0.0,17.2078,0.017544
KMTC01,I,8238.7236,0.0,0.0,17.2183,0.016106
KMTC01,I,8238.74063,0.0,0.0,17.1914,0.015937
KMTC01,I,8238.75777,0.0,0.0,17.2169,0.014251
KMTC01,I,8238.77456,0.0,0.0,17.2153,0.013496
KMTC01,I,8238.79183,0.0,0.0,17.2211,0.015009
KMTC01,I,8238.81972,0.0,0.0,17.2281,0.014335
KMTC01,I,8238.83686,0.0,0.0,17.2121,0.014167
KMTC01,I,8238.85401,0.0,0.0,17.2382,0.023157
KMTC01,I,8238.87103,0.0,0.0,17.22,0.014504
KMTC01,I,8238.88821,0.0,0.0,17.1683,0.015177
KMTC01,I,8238.91566,0.0,0.0,17.1921,0.015684
KMTC01,I,8238.93269,0.0,0.0,17.2077,0.021368
KMTC01,I,8240.7113,0.0,0.0,17.1822,0.016275
KMTC01,I,8240.74774,0.0,0.0,17.213,0.017883
KMTC01,I,8240.74904,0.0,0.0,17.2116,0.017375
KMTC01,I,8240.7661,0.0,0.0,17.2147,0.01619
KMTC01,I,8240.79419,0.0,0.0,17.1928,0.018902
KMTC01,I,8240.81083,0.0,0.0,17.19,0.016444
KMTC01,I,8240.83029,0.0,0.0,17.1768,0.01619
KMTC01,I,8240.84936,0.0,0.0,17.1846,0.017544
KMTC01,I,8240.8658,0.0,0.0,17.2047,0.018307
KMTC01,I,8240.88281,0.0,0.0,17.2037,0.021879
KMTC01,I,8240.91066,0.0,0.0,17.2326,0.020261
KMTC01,I,8240.92772,0.0,0.0,17.2029,0.020602
KMTC01,I,8241.6556,0.0,0.0,17.1574,0.025974
KMTC01,I,8241.67277,0.0,0.0,17.1846,0.022646
KMTC01,I,8241.68996,0.0,0.0,17.1976,0.022901
KMTC01,I,8241.71914,0.0,0.0,17.23,0.021623
KMTC01,I,8241.74144,0.0,0.0,17.1749,0.021027
KMTC01,I,8241.75989,0.0,0.0,17.1682,0.017036
KMTC01,I,8241.77701,0.0,0.0,17.2043,0.01729
KMTC01,I,8241.7974,0.0,0.0,17.1974,0.016867
KMTC01,I,8241.82527,0.0,0.0,17.2036,0.01729
KMTC01,I,8241.84234,0.0,0.0,17.1966,0.027769
KMTC01,I,8241.85988,0.0,0.0,17.181,0.020857
KMTC01,I,8241.87692,0.0,0.0,17.1775,0.022219
KMTC01,I,8241.89445,0.0,0.0,17.16,0.022987
KMTC01,I,8242.6613,0.0,0.0,17.175,0.026914
KMTC01,I,8242.67875,0.0,0.0,17.2254,0.025718
KMTC01,I,8242.70469,0.0,0.0,17.2252,0.022731
KMTC01,I,8242.72218,0.0,0.0,17.1978,0.022646
KMTC01,I,8242.74128,0.0,0.0,17.1922,0.023242
KMTC01,I,8242.75809,0.0,0.0,17.1754,0.021964
KMTC01,I,8242.78568,0.0,0.0,17.1743,0.023242
KMTC01,I,8242.80269,0.0,0.0,17.2211,0.021027
KMTC01,I,8242.81993,0.0,0.0,17.2106,0.021538
KMTC01,I,8242.83702,0.0,0.0,17.2192,0.021538
KMTC01,I,8242.8545,0.0,0.0,17.2019,0.021283
KMTC01,I,8242.88184,0.0,0.0,17.2072,0.023072
KMTC01,I,8242.89865,0.0,0.0,17.2118,0.021027
KMTC01,I,8242.9156,0.0,0.0,17.2121,0.025803
KMTC01,I,8242.93604,0.0,0.0,17.2272,0.024949
KMTC01,I,8243.64672,0.0,0.0,17.2366,0.02401
KMTC01,I,8243.69188,0.0,0.0,17.2233,0.021793
KMTC01,I,8243.71709,0.0,0.0,17.2015,0.019156
KMTC01,I,8243.73589,0.0,0.0,17.1979,0.016106
KMTC01,I,8243.75238,0.0,0.0,17.2071,0.016359
KMTC01,I,8243.76964,0.0,0.0,17.1843,0.014925
KMTC01,I,8243.79793,0.0,0.0,17.1981,0.014504
KMTC01,I,8243.81528,0.0,0.0,17.2205,0.020346
KMTC01,I,8243.83405,0.0,0.0,17.2008,0.013915
KMTC01,I,8243.85144,0.0,0.0,17.1908,0.014335
KMTC01,I,8243.86865,0.0,0.0,17.1791,0.015852
KMTC01,I,8243.88968,0.0,0.0,17.2271,0.015852
KMTC01,I,8243.9173,0.0,0.0,17.1825,0.014504
KMTC01,I,8243.9356,0.0,0.0,17.2229,0.016698
KMTC01,I,8244.64779,0.0,0.0,17.2069,0.025547
KMTC01,I,8244.66669,0.0,0.0,17.1863,0.016359
KMTC01,I,8244.68372,0.0,0.0,17.2082,0.016021
KMTC01,I,8244.71167,0.0,0.0,17.2004,0.013831
KMTC01,I,8244.7309,0.0,0.0,17.1937,0.014083
KMTC01,I,8244.74964,0.0,0.0,17.2002,0.013831
KMTC01,I,8244.76685,0.0,0.0,17.2052,0.014167
KMTC01,I,8244.784,0.0,0.0,17.2158,0.013328
KMTC01,I,8244.81183,0.0,0.0,17.2113,0.013328
KMTC01,I,8244.82884,0.0,0.0,17.2224,0.012993
KMTC01,I,8244.84605,0.0,0.0,17.2204,0.012325
KMTC01,I,8244.8633,0.0,0.0,17.2116,0.012075
KMTC01,I,8244.88011,0.0,0.0,17.2181,0.014672
KMTC01,I,8244.91888,0.0,0.0,17.18,0.014756
KMTC01,I,8244.9359,0.0,0.0,17.1719,0.019836
KMTC01,I,8245.65302,0.0,0.0,17.2339,0.024778
KMTC01,I,8245.67382,0.0,0.0,17.2173,0.024864
KMTC01,I,8245.69565,0.0,0.0,17.2479,0.022134
KMTC01,I,8245.71247,0.0,0.0,17.175,0.016021
KMTC01,I,8245.73209,0.0,0.0,17.1934,0.018902
KMTC01,I,8245.76258,0.0,0.0,17.1837,0.016613
KMTC01,I,8245.77964,0.0,0.0,17.2295,0.019496
KMTC01,I,8245.80282,0.0,0.0,17.1963,0.015852
KMTC01,I,8245.82168,0.0,0.0,17.1893,0.017883
KMTC01,I,8245.83828,0.0,0.0,17.2151,0.01619
KMTC01,I,8245.86579,0.0,0.0,17.2049,0.015937
KMTC01,I,8245.88319,0.0,0.0,17.2198,0.021708
KMTC01,I,8245.90593,0.0,0.0,17.2321,0.022987
KMTC01,I,8245.92284,0.0,0.0,17.2096,0.017544
KMTC01,I,8246.64305,0.0,0.0,17.1091,0.032047
KMTC01,I,8246.67907,0.0,0.0,17.1915,0.014167
KMTC01,I,8246.69633,0.0,0.0,17.1921,0.013328
KMTC01,I,8246.71385,0.0,0.0,17.1807,0.018902
KMTC01,I,8246.73245,0.0,0.0,17.2145,0.015937
KMTC01,I,8246.74974,0.0,0.0,17.1971,0.013999
KMTC01,I,8246.77875,0.0,0.0,17.2039,0.012742
KMTC01,I,8246.8137,0.0,0.0,17.2001,0.012492
KMTC01,I,8246.83467,0.0,0.0,17.1904,0.014251
KMTC01,I,8246.8518,0.0,0.0,17.2174,0.017799
KMTC01,I,8246.86918,0.0,0.0,17.1843,0.018562
KMTC01,I,8246.88871,0.0,0.0,17.1575,0.027341
KMTC01,I,8246.92008,0.0,0.0,17.1951,0.014504
KMTC01,I,8246.93758,0.0,0.0,17.1797,0.015009
KMTC01,I,8247.63417,0.0,0.0,17.1879,0.028966
KMTC01,I,8247.63559,0.0,0.0,17.1236,0.030164
KMTC01,I,8247.65277,0.0,0.0,17.2336,0.027427
KMTC01,I,8247.66984,0.0,0.0,17.2077,0.032304
KMTC01,I,8247.68711,0.0,0.0,17.2387,0.034445
KMTC01,I,8247.71487,0.0,0.0,17.1605,0.02401
KMTC01,I,8247.73206,0.0,0.0,17.1971,0.021112
KMTC01,I,8247.74915,0.0,0.0,17.2074,0.015852
KMTC01,I,8247.76641,0.0,0.0,17.2377,0.031276
KMTC01,I,8247.78331,0.0,0.0,17.2267,0.019411
KMTC01,I,8247.81094,0.0,0.0,17.1728,0.017968
KMTC01,I,8247.82872,0.0,0.0,17.2185,0.016021
KMTC01,I,8247.84588,0.0,0.0,17.1924,0.02512
KMTC01,I,8247.86325,0.0,0.0,17.2767,0.07213
KMTC01,I,8247.8815,0.0,0.0,17.0329,0.058643
KMTC01,I,8249.63551,0.0,0.0,17.2056,0.01442
KMTC01,I,8249.66391,0.0,0.0,17.1991,0.013412
KMTC01,I,8249.68254,0.0,0.0,17.1962,0.012241
KMTC01,I,8249.69998,0.0,0.0,17.2081,0.012075
KMTC01,I,8249.71911,0.0,0.0,17.2119,0.012826
KMTC01,I,8249.73787,0.0,0.0,17.1934,0.017036
KMTC01,I,8249.76953,0.0,0.0,17.1974,0.012158
KMTC01,I,8249.78642,0.0,0.0,17.1896,0.012492
KMTC01,I,8249.80352,0.0,0.0,17.209,0.012826
KMTC01,I,8249.82205,0.0,0.0,17.1985,0.013077
KMTC01,I,8249.8391,0.0,0.0,17.1934,0.013328
KMTC01,I,8249.86677,0.0,0.0,17.1922,0.013496
KMTC01,I,8249.88418,0.0,0.0,17.1906,0.013328
KMTC01,I,8249.90186,0.0,0.0,17.1931,0.016106
KMTC01,I,8249.91881,0.0,0.0,17.1874,0.016613
KMTC01,I,8249.93591,0.0,0.0,17.2194,0.020687
KMTC01,I,8250.62527,0.0,0.0,17.1863,0.013747
KMTC01,I,8250.65371,0.0,0.0,17.1876,0.012408
KMTC01,I,8250.67153,0.0,0.0,17.1976,0.012158
KMTC01,I,8250.68891,0.0,0.0,17.196,0.011825
KMTC01,I,8250.70567,0.0,0.0,17.1858,0.011825
KMTC01,I,8250.72264,0.0,0.0,17.1886,0.011576
KMTC01,I,8250.7398,0.0,0.0,17.1976,0.011244
KMTC01,I,8250.77122,0.0,0.0,17.1968,0.011161
KMTC01,I,8250.78824,0.0,0.0,17.1937,0.024522
KMTC01,I,8250.80548,0.0,0.0,17.2118,0.038473
KMTC01,I,8250.82264,0.0,0.0,17.2014,0.010912
KMTC01,I,8250.8396,0.0,0.0,17.2049,0.011576
KMTC01,I,8250.86891,0.0,0.0,17.1936,0.011576
KMTC01,I,8250.88615,0.0,0.0,17.2195,0.012241
KMTC01,I,8250.90289,0.0,0.0,17.2156,0.012659
KMTC01,I,8250.92033,0.0,0.0,17.187,0.01358
KMTC01,I,8251.62454,0.0,0.0,17.1897,0.019836
KMTC01,I,8251.64399,0.0,0.0,17.2148,0.018223
KMTC01,I,8251.67114,0.0,0.0,17.2314,0.014251
KMTC01,I,8251.69,0.0,0.0,17.215,0.013496
KMTC01,I,8251.70783,0.0,0.0,17.1913,0.01316
KMTC01,I,8251.72449,0.0,0.0,17.1864,0.014756
KMTC01,I,8251.74131,0.0,0.0,17.1739,0.018053
KMTC01,I,8251.77107,0.0,0.0,17.1986,0.01442
KMTC01,I,8251.78795,0.0,0.0,17.1675,0.014672
KMTC01,I,8251.80552,0.0,0.0,17.2091,0.013831
KMTC01,I,8251.82242,0.0,0.0,17.1642,0.017206
KMTC01,I,8251.83939,0.0,0.0,17.2161,0.017883
KMTC01,I,8251.85663,0.0,0.0,17.1859,0.01729
KMTC01,I,8251.88626,0.0,0.0,17.1907,0.023925
KMTC01,I,8251.90356,0.0,0.0,17.3858,0.167297
KMTC01,I,8251.92302,0.0,0.0,17.1897,0.051773
KMTC01,I,8252.84083,0.0,0.0,17.2033,0.01083
KMTC01,I,8252.8582,0.0,0.0,17.1815,0.013412
KMTC01,I,8252.88562,0.0,0.0,17.1952,0.012325
KMTC01,I,8252.90288,0.0,0.0,17.1944,0.013077
KMTC01,I,8252.91992,0.0,0.0,17.1916,0.014083
KMTC01,I,8252.93642,0.0,0.0,17.1942,0.01619
KMTC01,I,8253.61262,0.0,0.0,17.2043,0.049026
KMTC01,I,8253.65986,0.0,0.0,17.2088,0.012826
KMTC01,I,8253.68801,0.0,0.0,17.1537,0.023413
KMTC01,I,8253.70982,0.0,0.0,17.1914,0.011991
KMTC01,I,8253.72677,0.0,0.0,17.1921,0.011576
KMTC01,I,8253.74398,0.0,0.0,17.1909,0.012492
KMTC01,I,8253.76114,0.0,0.0,17.1996,0.012325
KMTC01,I,8253.7883,0.0,0.0,17.2007,0.012826
KMTC01,I,8253.82439,0.0,0.0,17.1883,0.02717
KMTC01,I,8253.84119,0.0,0.0,17.2094,0.019156
KMTC01,I,8253.85837,0.0,0.0,17.1948,0.013412
KMTC01,I,8254.61742,0.0,0.0,17.1779,0.013663
KMTC01,I,8254.64541,0.0,0.0,17.2001,0.012909
KMTC01,I,8254.66229,0.0,0.0,17.1874,0.012158
KMTC01,I,8254.67967,0.0,0.0,17.19,0.013077
KMTC01,I,8254.69706,0.0,0.0,17.1873,0.012909
KMTC01,I,8254.71627,0.0,0.0,17.1933,0.011161
KMTC01,I,8254.7631,0.0,0.0,17.1669,0.016782
KMTC01,I,8254.78002,0.0,0.0,17.1778,0.011078
KMTC01,I,8254.79705,0.0,0.0,17.189,0.015262
KMTC01,I,8254.81423,0.0,0.0,17.208,0.012075
KMTC01,I,8254.83113,0.0,0.0,17.1893,0.011991
KMTC01,I,8254.86329,0.0,0.0,17.2028,0.01543
KMTC01,I,8254.88438,0.0,0.0,17.1984,0.012158
KMTC01,I,8254.90159,0.0,0.0,17.1977,0.01358
KMTC01,I,8254.91823,0.0,0.0,17.1964,0.012492
KMTC01,I,8254.9351,0.0,0.0,17.1751,0.014756
KMTC01,I,8255.60841,0.0,0.0,17.1866,0.013747
KMTC01,I,8255.64241,0.0,0.0,17.131,0.023328
KMTC01,I,8255.66926,0.0,0.0,17.1633,0.01746
KMTC01,I,8255.70323,0.0,0.0,17.1974,0.011742
KMTC01,I,8255.72039,0.0,0.0,17.1989,0.011908
KMTC01,I,8255.73708,0.0,0.0,17.1978,0.012742
KMTC01,I,8255.75418,0.0,0.0,17.2071,0.012993
KMTC01,I,8255.78274,0.0,0.0,17.5812,0.232047
KMTC01,I,8255.79984,0.0,0.0,17.0982,0.069639
KMTC01,I,8255.86595,0.0,0.0,17.2081,0.013496
KMTC01,I,8255.88343,0.0,0.0,17.1947,0.014925
KMTC01,I,8256.61158,0.0,0.0,17.2154,0.01442
KMTC01,I,8256.62899,0.0,0.0,17.1839,0.014335
KMTC01,I,8256.64568,0.0,0.0,17.1707,0.013663
KMTC01,I,8256.66521,0.0,0.0,17.1776,0.014756
KMTC01,I,8256.68433,0.0,0.0,17.1789,0.014588
KMTC01,I,8256.70408,0.0,0.0,17.1889,0.012575
KMTC01,I,8256.72095,0.0,0.0,17.1757,0.012408
KMTC01,I,8256.73817,0.0,0.0,17.1661,0.012158
KMTC01,I,8256.75511,0.0,0.0,17.1805,0.011991
KMTC01,I,8256.77564,0.0,0.0,17.1767,0.013077
KMTC01,I,8256.79241,0.0,0.0,17.199,0.012742
KMTC01,I,8256.81233,0.0,0.0,17.1935,0.012909
KMTC01,I,8256.82936,0.0,0.0,17.204,0.013999
KMTC01,I,8256.84688,0.0,0.0,17.195,0.014335
KMTC01,I,8256.86415,0.0,0.0,17.1852,0.015515
KMTC01,I,8256.89537,0.0,0.0,17.1756,0.013915
KMTC01,I,8256.93169,0.0,0.0,17.1798,0.017544
KMTC01,I,8257.60229,0.0,0.0,17.17,0.017036
KMTC01,I,8257.62214,0.0,0.0,17.206,0.018307
KMTC01,I,8257.63939,0.0,0.0,17.2134,0.018223
KMTC01,I,8257.65608,0.0,0.0,17.1855,0.013999
KMTC01,I,8257.6735,0.0,0.0,17.185,0.013077
KMTC01,I,8257.70097,0.0,0.0,17.203,0.012325
KMTC01,I,8257.718,0.0,0.0,17.1824,0.011825
KMTC01,I,8257.73489,0.0,0.0,17.1831,0.012075
KMTC01,I,8257.75163,0.0,0.0,17.1765,0.011991
KMTC01,I,8257.7684,0.0,0.0,17.193,0.012492
KMTC01,I,8257.78537,0.0,0.0,17.1791,0.014083
KMTC01,I,8257.81492,0.0,0.0,17.1769,0.013747
KMTC01,I,8257.83222,0.0,0.0,17.1849,0.014251
KMTC01,I,8257.84927,0.0,0.0,17.1656,0.013496
KMTC01,I,8257.8725,0.0,0.0,17.1789,0.013244
KMTC01,I,8257.89055,0.0,0.0,17.163,0.015346
KMTC01,I,8257.91434,0.0,0.0,17.1885,0.017714
KMTC01,I,8257.93105,0.0,0.0,17.1822,0.026145
KMTC01,I,8257.94801,0.0,0.0,17.1567,0.133248
KMTC01,I,8258.60893,0.0,0.0,17.1682,0.017544
KMTC01,I,8258.62592,0.0,0.0,17.1732,0.013077
KMTC01,I,8258.64274,0.0,0.0,17.1715,0.012575
KMTC01,I,8258.6696,0.0,0.0,17.1763,0.011576
KMTC01,I,8258.68678,0.0,0.0,17.1869,0.012993
KMTC01,I,8258.70391,0.0,0.0,17.1984,0.012241
KMTC01,I,8258.7211,0.0,0.0,17.1766,0.012325
KMTC01,I,8258.73819,0.0,0.0,17.1888,0.013831
KMTC01,I,8258.76581,0.0,0.0,17.184,0.010912
KMTC01,I,8258.78271,0.0,0.0,17.1793,0.012909
KMTC01,I,8258.80005,0.0,0.0,17.1925,0.014335
KMTC01,I,8258.81694,0.0,0.0,17.1874,0.012325
KMTC01,I,8258.83374,0.0,0.0,17.1828,0.012158
KMTC01,I,8258.85107,0.0,0.0,17.1806,0.012826
KMTC01,I,8258.86784,0.0,0.0,17.1762,0.012075
KMTC01,I,8258.88527,0.0,0.0,17.1619,0.020772
KMTC01,I,8258.90222,0.0,0.0,17.183,0.017629
KMTC01,I,8258.91933,0.0,0.0,17.1872,0.017206
KMTC01,I,8258.94324,0.0,0.0,17.1485,0.02239
KMTC01,I,8259.62967,0.0,0.0,17.1958,0.017036
KMTC01,I,8259.68086,0.0,0.0,17.1529,0.014335
KMTC01,I,8259.69844,0.0,0.0,17.1645,0.014588
KMTC01,I,8259.72525,0.0,0.0,17.1781,0.013496
KMTC01,I,8259.74207,0.0,0.0,17.1771,0.01316
KMTC01,I,8259.77079,0.0,0.0,17.1865,0.014504
KMTC01,I,8259.78801,0.0,0.0,17.175,0.014925
KMTC01,I,8259.8081,0.0,0.0,17.1748,0.014588
KMTC01,I,8259.82567,0.0,0.0,17.1863,0.01442
KMTC01,I,8259.84285,0.0,0.0,17.1722,0.012659
KMTC01,I,8259.86001,0.0,0.0,17.1986,0.014756
KMTC01,I,8259.87689,0.0,0.0,17.1682,0.013412
KMTC01,I,8259.8955,0.0,0.0,17.1855,0.013244
KMTC01,I,8259.9123,0.0,0.0,17.1749,0.015093
KMTC01,I,8259.92903,0.0,0.0,17.1877,0.015937
KMTC01,I,8259.95207,0.0,0.0,17.2135,0.059845
KMTC01,I,8260.59485,0.0,0.0,17.1938,0.018223
KMTC01,I,8260.61158,0.0,0.0,17.1741,0.015515
KMTC01,I,8260.62894,0.0,0.0,17.1846,0.013663
KMTC01,I,8260.64587,0.0,0.0,17.1984,0.014756
KMTC01,I,8260.66603,0.0,0.0,17.1939,0.013328
KMTC01,I,8260.68327,0.0,0.0,17.1683,0.016698
KMTC01,I,8260.72011,0.0,0.0,17.1798,0.012408
KMTC01,I,8260.74503,0.0,0.0,17.1781,0.014083
KMTC01,I,8260.76196,0.0,0.0,17.1815,0.016698
KMTC01,I,8260.77879,0.0,0.0,17.1431,0.02239
KMTC01,I,8260.79565,0.0,0.0,17.1899,0.017036
KMTC01,I,8260.81619,0.0,0.0,17.1455,0.014251
KMTC01,I,8260.83278,0.0,0.0,17.1861,0.013999
KMTC01,I,8260.84997,0.0,0.0,17.1713,0.013747
KMTC01,I,8260.86738,0.0,0.0,17.1845,0.013747
KMTC01,I,8260.8844,0.0,0.0,17.1605,0.014925
KMTC01,I,8260.90126,0.0,0.0,17.1905,0.022731
KMTC01,I,8260.91767,0.0,0.0,17.1578,0.014167
KMTC01,I,8260.93412,0.0,0.0,17.1839,0.016275
KMTC01,I,8261.59409,0.0,0.0,17.1513,0.014588
KMTC01,I,8261.61725,0.0,0.0,17.1678,0.012909
KMTC01,I,8261.66266,0.0,0.0,17.1771,0.011659
KMTC01,I,8261.69148,0.0,0.0,17.1615,0.011492
KMTC01,I,8261.71153,0.0,0.0,17.1769,0.011409
KMTC01,I,8261.73248,0.0,0.0,17.1665,0.014167
KMTC01,I,8261.74967,0.0,0.0,17.1916,0.011742
KMTC01,I,8261.7706,0.0,0.0,17.1767,0.011078
KMTC01,I,8261.79924,0.0,0.0,17.183,0.011825
KMTC01,I,8261.81697,0.0,0.0,17.1601,0.011742
KMTC01,I,8261.83459,0.0,0.0,17.2021,0.012158
KMTC01,I,8261.87187,0.0,0.0,17.1617,0.011659
KMTC01,I,8261.89949,0.0,0.0,17.1808,0.012909
KMTC01,I,8261.91854,0.0,0.0,17.167,0.012659
KMTC01,I,8261.93612,0.0,0.0,17.1833,0.013663
KMTC01,I,8262.59189,0.0,0.0,17.1754,0.014925
KMTC01,I,8262.61307,0.0,0.0,17.1755,0.01316
KMTC01,I,8262.62973,0.0,0.0,17.1834,0.012492
KMTC01,I,8262.65721,0.0,0.0,17.1836,0.011991
KMTC01,I,8262.67441,0.0,0.0,17.1805,0.013915
KMTC01,I,8262.69116,0.0,0.0,17.1772,0.012492
KMTC01,I,8262.70853,0.0,0.0,17.1566,0.011825
KMTC01,I,8262.72596,0.0,0.0,17.1702,0.012993
KMTC01,I,8262.74292,0.0,0.0,17.1792,0.012241
KMTC01,I,8262.77114,0.0,0.0,17.1611,0.012408
KMTC01,I,8262.7883,0.0,0.0,17.184,0.011991
KMTC01,I,8262.80581,0.0,0.0,17.1787,0.014588
KMTC01,I,8262.82232,0.0,0.0,17.166,0.011742
KMTC01,I,8262.83925,0.0,0.0,17.1555,0.011825
KMTC01,I,8262.86736,0.0,0.0,17.1839,0.012492
KMTC01,I,8262.88383,0.0,0.0,17.1732,0.013328
KMTC01,I,8262.90086,0.0,0.0,17.1721,0.013496
KMTC01,I,8262.91806,0.0,0.0,17.1561,0.015009
KMTC01,I,8262.93512,0.0,0.0,17.1785,0.015515
KMTC01,I,8263.60596,0.0,0.0,17.1704,0.015515
KMTC01,I,8263.62322,0.0,0.0,17.1674,0.015177
KMTC01,I,8263.63986,0.0,0.0,17.1634,0.013244
KMTC01,I,8263.65651,0.0,0.0,17.1727,0.012826
KMTC01,I,8263.67643,0.0,0.0,17.1634,0.012325
KMTC01,I,8263.70318,0.0,0.0,17.1816,0.012158
KMTC01,I,8263.72272,0.0,0.0,17.1413,0.011492
KMTC01,I,8263.74558,0.0,0.0,17.1779,0.012909
KMTC01,I,8263.76463,0.0,0.0,17.1655,0.013663
KMTC01,I,8263.78171,0.0,0.0,17.1536,0.012492
KMTC01,I,8263.79878,0.0,0.0,17.1547,0.014083
KMTC01,I,8263.82612,0.0,0.0,17.1734,0.011409
KMTC01,I,8263.84322,0.0,0.0,17.168,0.011492
KMTC01,I,8263.86,0.0,0.0,17.1741,0.011659
KMTC01,I,8263.87672,0.0,0.0,17.1678,0.012742
KMTC01,I,8263.89378,0.0,0.0,17.1704,0.01358
KMTC01,I,8263.92123,0.0,0.0,17.1766,0.012993
KMTC01,I,8263.93867,0.0,0.0,17.1563,0.015768
KMTC01,I,8264.58754,0.0,0.0,17.1962,0.016021
KMTC01,I,8264.60452,0.0,0.0,17.1523,0.014251
KMTC01,I,8264.62126,0.0,0.0,17.1542,0.015684
KMTC01,I,8264.63861,0.0,0.0,17.1645,0.013412
KMTC01,I,8264.66674,0.0,0.0,17.1491,0.012492
KMTC01,I,8264.68382,0.0,0.0,17.1785,0.01316
KMTC01,I,8264.70093,0.0,0.0,17.1643,0.012659
KMTC01,I,8264.71884,0.0,0.0,17.1871,0.013328
KMTC01,I,8264.73717,0.0,0.0,17.1702,0.01316
KMTC01,I,8264.76498,0.0,0.0,17.1528,0.015262
KMTC01,I,8264.78211,0.0,0.0,17.1689,0.012826
KMTC01,I,8264.79889,0.0,0.0,17.1594,0.012826
KMTC01,I,8264.8201,0.0,0.0,17.1694,0.013915
KMTC01,I,8264.83865,0.0,0.0,17.1644,0.012575
KMTC01,I,8264.85553,0.0,0.0,17.1627,0.013244
KMTC01,I,8264.88922,0.0,0.0,17.1555,0.013412
KMTC01,I,8264.90551,0.0,0.0,17.1621,0.012909
KMTC01,I,8264.92232,0.0,0.0,17.1677,0.01484
KMTC01,I,8264.93895,0.0,0.0,17.1831,0.016021
KMTC01,I,8265.58609,0.0,0.0,17.1469,0.019411
KMTC01,I,8265.60311,0.0,0.0,17.1658,0.017629
KMTC01,I,8265.63106,0.0,0.0,17.1722,0.01619
KMTC01,I,8265.64828,0.0,0.0,17.167,0.01484
KMTC01,I,8265.67127,0.0,0.0,17.1544,0.013747
KMTC01,I,8265.69112,0.0,0.0,17.1711,0.013496
KMTC01,I,8265.70879,0.0,0.0,17.166,0.012742
KMTC01,I,8265.7368,0.0,0.0,17.1759,0.014083
KMTC01,I,8265.75356,0.0,0.0,17.1662,0.012993
KMTC01,I,8265.7712,0.0,0.0,17.1567,0.013496
KMTC01,I,8265.78803,0.0,0.0,17.1597,0.015346
KMTC01,I,8265.80508,0.0,0.0,17.146,0.013831
KMTC01,I,8265.83288,0.0,0.0,17.1744,0.013244
KMTC01,I,8265.85373,0.0,0.0,17.1653,0.013412
KMTC01,I,8265.87083,0.0,0.0,17.1573,0.01358
KMTC01,I,8265.88829,0.0,0.0,17.1555,0.013831
KMTC01,I,8265.90511,0.0,0.0,17.1529,0.013244
KMTC01,I,8265.92235,0.0,0.0,17.1578,0.013663
KMTC01,I,8266.58747,0.0,0.0,17.1519,0.02401
KMTC01,I,8266.60426,0.0,0.0,17.1552,0.015515
KMTC01,I,8266.62095,0.0,0.0,17.157,0.028196
KMTC01,I,8266.63794,0.0,0.0,17.1622,0.014925
KMTC01,I,8266.65519,0.0,0.0,17.153,0.01316
KMTC01,I,8266.683,0.0,0.0,17.2039,0.021027
KMTC01,I,8266.70311,0.0,0.0,17.1271,0.01746
KMTC01,I,8266.72027,0.0,0.0,17.1599,0.022646
KMTC01,I,8266.73712,0.0,0.0,17.1482,0.016782
KMTC01,I,8266.75887,0.0,0.0,17.1827,0.033074
KMTC01,I,8266.78625,0.0,0.0,17.0198,0.09439
KMTC01,I,8270.57609,0.0,0.0,17.1397,0.041475
KMTC01,I,8270.61675,0.0,0.0,17.079,0.040188
KMTC01,I,8270.63373,0.0,0.0,17.1629,0.032646
KMTC01,I,8270.70099,0.0,0.0,17.1385,0.023242
KMTC01,I,8270.72838,0.0,0.0,17.1272,0.026145
KMTC01,I,8270.74513,0.0,0.0,17.1388,0.023328
KMTC01,I,8270.7619,0.0,0.0,17.1678,0.03753
KMTC01,I,8270.77844,0.0,0.0,17.1413,0.018562
KMTC01,I,8270.79714,0.0,0.0,17.1385,0.034102
KMTC01,I,8270.82441,0.0,0.0,17.1506,0.021793
KMTC01,I,8270.84471,0.0,0.0,17.1643,0.020857
KMTC01,I,8270.8665,0.0,0.0,17.1514,0.022816
KMTC01,I,8270.88373,0.0,0.0,17.1562,0.03179
KMTC01,I,8270.9007,0.0,0.0,17.1786,0.027256
KMTC01,I,8270.9285,0.0,0.0,17.1307,0.035387
KMTC01,I,8270.94529,0.0,0.0,17.1826,0.035302
KMTC01,I,8271.56551,0.0,0.0,17.155,0.022134
KMTC01,I,8271.58251,0.0,0.0,17.1301,0.018817
KMTC01,I,8271.5992,0.0,0.0,17.1604,0.017799
KMTC01,I,8271.61601,0.0,0.0,17.1716,0.019326
KMTC01,I,8271.64774,0.0,0.0,17.1201,0.017036
KMTC01,I,8271.66495,0.0,0.0,17.1401,0.01746
KMTC01,I,8271.68211,0.0,0.0,17.1292,0.015599
KMTC01,I,8271.68583,0.0,0.0,17.1443,0.015346
KMTC01,I,8271.70202,0.0,0.0,17.1696,0.014672
KMTC01,I,8271.71901,0.0,0.0,17.1349,0.012993
KMTC01,I,8271.73601,0.0,0.0,17.1279,0.012575
KMTC01,I,8271.7672,0.0,0.0,17.1612,0.012993
KMTC01,I,8271.78445,0.0,0.0,17.1793,0.013496
KMTC01,I,8271.80117,0.0,0.0,17.1611,0.013747
KMTC01,I,8271.81794,0.0,0.0,17.1649,0.013999
KMTC01,I,8271.83473,0.0,0.0,17.1092,0.014335
KMTC01,I,8271.8668,0.0,0.0,17.1473,0.016021
KMTC01,I,8271.88455,0.0,0.0,17.1398,0.015515
KMTC01,I,8271.90157,0.0,0.0,17.1572,0.021197
KMTC01,I,8271.91885,0.0,0.0,17.1343,0.024864
KMTC01,I,8271.93578,0.0,0.0,17.1507,0.022816
KMTC01,I,8272.56644,0.0,0.0,17.0836,0.047481
KMTC01,I,8272.59538,0.0,0.0,17.1678,0.015515
KMTC01,I,8272.61361,0.0,0.0,17.1386,0.014251
KMTC01,I,8272.63021,0.0,0.0,17.127,0.012408
KMTC01,I,8272.64706,0.0,0.0,17.144,0.012158
KMTC01,I,8272.6706,0.0,0.0,17.1556,0.011742
KMTC01,I,8272.69768,0.0,0.0,17.1351,0.011991
KMTC01,I,8272.71466,0.0,0.0,17.135,0.014251
KMTC01,I,8272.73137,0.0,0.0,17.1324,0.011409
KMTC01,I,8272.74813,0.0,0.0,17.1432,0.011576
KMTC01,I,8272.76575,0.0,0.0,17.1492,0.011742
KMTC01,I,8272.78254,0.0,0.0,17.1369,0.013077
KMTC01,I,8272.82335,0.0,0.0,17.1284,0.01543
KMTC01,I,8272.84043,0.0,0.0,17.1574,0.014504
KMTC01,I,8272.85709,0.0,0.0,17.1473,0.012909
KMTC01,I,8272.87448,0.0,0.0,17.1444,0.01316
KMTC01,I,8272.89345,0.0,0.0,17.2491,0.088287
KMTC01,I,8273.59128,0.0,0.0,17.1418,0.014083
KMTC01,I,8273.60836,0.0,0.0,17.1179,0.013244
KMTC01,I,8273.62563,0.0,0.0,17.1329,0.01543
KMTC01,I,8273.64264,0.0,0.0,17.1454,0.01316
KMTC01,I,8273.65957,0.0,0.0,17.1303,0.01316
KMTC01,I,8273.68696,0.0,0.0,17.1394,0.012575
KMTC01,I,8273.70811,0.0,0.0,17.1459,0.011825
KMTC01,I,8273.72496,0.0,0.0,17.1571,0.012325
KMTC01,I,8273.74193,0.0,0.0,17.1589,0.012408
KMTC01,I,8273.75925,0.0,0.0,17.1642,0.012325
KMTC01,I,8273.78663,0.0,0.0,17.141,0.011991
KMTC01,I,8273.80342,0.0,0.0,17.1532,0.012575
KMTC01,I,8273.82049,0.0,0.0,17.1387,0.012993
KMTC01,I,8273.83763,0.0,0.0,17.1523,0.015599
KMTC01,I,8273.86008,0.0,0.0,17.1392,0.014335
KMTC01,I,8273.8772,0.0,0.0,17.1513,0.014335
KMTC01,I,8273.90492,0.0,0.0,17.131,0.016613
KMTC01,I,8273.92177,0.0,0.0,17.1518,0.017883
KMTC01,I,8274.56887,0.0,0.0,16.4622,0.011576
KMTC01,I,8274.5857,0.0,0.0,16.5091,0.010417
KMTC01,I,8274.61335,0.0,0.0,16.5673,0.011409
KMTC01,I,8274.63018,0.0,0.0,16.583,0.0105
KMTC01,I,8274.65689,0.0,0.0,16.5977,0.011327
KMTC01,I,8274.67634,0.0,0.0,16.6436,0.010006
KMTC01,I,8274.69325,0.0,0.0,16.6411,0.009842
KMTC01,I,8274.72053,0.0,0.0,16.6709,0.009434
KMTC01,I,8274.73751,0.0,0.0,16.6666,0.009271
KMTC01,I,8274.75421,0.0,0.0,16.6967,0.009597
KMTC01,I,8274.77118,0.0,0.0,16.6907,0.009027
KMTC01,I,8274.78857,0.0,0.0,16.7047,0.009597
KMTC01,I,8274.81707,0.0,0.0,16.721,0.009842
KMTC01,I,8274.83407,0.0,0.0,16.7138,0.009842
KMTC01,I,8274.85094,0.0,0.0,16.7316,0.010253
KMTC01,I,8274.86779,0.0,0.0,16.7567,0.011244
KMTC01,I,8274.88472,0.0,0.0,16.7539,0.011244
KMTC01,I,8274.90146,0.0,0.0,16.7564,0.011492
KMTC01,I,8274.90515,0.0,0.0,16.7595,0.012075
KMTC01,I,8274.91935,0.0,0.0,16.7762,0.013496
KMTC01,I,8274.92166,0.0,0.0,16.7502,0.014251
KMTC01,I,8275.77154,0.0,0.0,16.8686,0.010995
KMTC01,I,8275.78853,0.0,0.0,16.8596,0.031191
KMTC01,I,8275.84785,0.0,0.0,16.8877,0.0105
KMTC01,I,8275.86476,0.0,0.0,16.8705,0.010747
KMTC01,I,8275.88155,0.0,0.0,16.9053,0.01729
KMTC01,I,8276.59187,0.0,0.0,16.9189,0.010995
KMTC01,I,8276.60931,0.0,0.0,16.9276,0.011576
KMTC01,I,8276.62633,0.0,0.0,16.9581,0.012575
KMTC01,I,8276.64347,0.0,0.0,16.9288,0.010582
KMTC01,I,8276.66338,0.0,0.0,16.9146,0.011409
KMTC01,I,8276.69408,0.0,0.0,16.9068,0.015515
KMTC01,I,8276.71232,0.0,0.0,16.9269,0.014167
KMTC01,I,8276.72898,0.0,0.0,16.9117,0.013831
KMTC01,I,8276.74649,0.0,0.0,16.8836,0.024608
KMTC01,I,8276.76418,0.0,0.0,16.9375,0.029992
KMTC01,I,8276.79265,0.0,0.0,16.9369,0.013915
KMTC01,I,8276.82055,0.0,0.0,16.9417,0.010582
KMTC01,I,8276.83881,0.0,0.0,16.9356,0.022731
KMTC01,I,8276.85564,0.0,0.0,17.0055,0.045679
KMTC01,I,8276.87269,0.0,0.0,16.9441,0.011327
KMTC01,I,8276.88949,0.0,0.0,16.9399,0.012993
KMTC01,I,8276.91012,0.0,0.0,16.9194,0.013496
KMTC01,I,8276.92435,0.0,0.0,16.9229,0.015177
KMTC01,I,8277.58769,0.0,0.0,16.9558,0.015599
KMTC01,I,8277.60726,0.0,0.0,16.9488,0.020091
KMTC01,I,8277.62912,0.0,0.0,16.9534,0.011492
KMTC01,I,8277.64631,0.0,0.0,16.9672,0.011244
KMTC01,I,8277.66337,0.0,0.0,16.9455,0.010912
KMTC01,I,8277.6912,0.0,0.0,16.9617,0.012158
KMTC01,I,8277.7121,0.0,0.0,16.9691,0.013999
KMTC01,I,8277.72905,0.0,0.0,16.9508,0.0105
KMTC01,I,8277.74591,0.0,0.0,16.9597,0.010747
KMTC01,I,8277.76274,0.0,0.0,16.9681,0.011244
KMTC01,I,8277.79045,0.0,0.0,16.9444,0.013496
KMTC01,I,8277.8072,0.0,0.0,16.9587,0.010747
KMTC01,I,8277.82386,0.0,0.0,16.945,0.010665
KMTC01,I,8277.84088,0.0,0.0,16.9685,0.011576
KMTC01,I,8277.85798,0.0,0.0,16.9444,0.011409
KMTC01,I,8277.87863,0.0,0.0,16.9643,0.012158
KMTC01,I,8277.90892,0.0,0.0,16.953,0.016021
KMTC01,I,8277.92348,0.0,0.0,16.9588,0.012826
KMTC01,I,8278.58454,0.0,0.0,16.9672,0.011327
KMTC01,I,8278.6017,0.0,0.0,16.9424,0.012241
KMTC01,I,8278.61877,0.0,0.0,16.9461,0.013077
KMTC01,I,8278.63574,0.0,0.0,16.9305,0.012993
KMTC01,I,8278.65398,0.0,0.0,16.9506,0.01358
KMTC01,I,8278.6833,0.0,0.0,16.9763,0.026999
KMTC01,I,8278.70482,0.0,0.0,16.9544,0.014083
KMTC01,I,8278.72181,0.0,0.0,16.9429,0.022646
KMTC01,I,8278.73853,0.0,0.0,16.9467,0.027683
KMTC01,I,8278.75532,0.0,0.0,16.9635,0.049026
KMTC01,I,8282.55115,0.0,0.0,16.9868,0.016106
KMTC01,I,8282.57959,0.0,0.0,16.9884,0.011908
KMTC01,I,8282.59737,0.0,0.0,16.9961,0.010253
KMTC01,I,8282.61433,0.0,0.0,17.0121,0.010335
KMTC01,I,8282.63175,0.0,0.0,17.0036,0.011576
KMTC01,I,8282.64899,0.0,0.0,17.0026,0.010088
KMTC01,I,8282.65163,0.0,0.0,17.0028,0.010006
KMTC01,I,8282.67954,0.0,0.0,16.9971,0.009108
KMTC01,I,8282.69692,0.0,0.0,17.0014,0.010582
KMTC01,I,8282.71362,0.0,0.0,16.9975,0.011742
KMTC01,I,8282.73046,0.0,0.0,17.0069,0.012492
KMTC01,I,8282.75011,0.0,0.0,17.0336,0.015177
KMTC01,I,8282.76746,0.0,0.0,17.0072,0.013412
KMTC01,I,8282.79716,0.0,0.0,17.002,0.014251
KMTC01,I,8282.81342,0.0,0.0,17.0031,0.012909
KMTC01,I,8282.83037,0.0,0.0,16.9902,0.011492
KMTC01,I,8282.8495,0.0,0.0,17.0016,0.011161
KMTC01,I,8282.86678,0.0,0.0,17.0055,0.010171
KMTC01,I,8282.89369,0.0,0.0,17.0217,0.012325
KMTC01,I,8282.90781,0.0,0.0,17.0051,0.013747
KMTC01,I,8283.56771,0.0,0.0,17.0128,0.011078
KMTC01,I,8283.58465,0.0,0.0,17.0042,0.011244
KMTC01,I,8283.60183,0.0,0.0,17.0295,0.013077
KMTC01,I,8283.61915,0.0,0.0,17.0066,0.011991
KMTC01,I,8283.63584,0.0,0.0,17.0071,0.011161
KMTC01,I,8283.67528,0.0,0.0,17.0177,0.010417
KMTC01,I,8283.69285,0.0,0.0,17.0037,0.010335
KMTC01,I,8283.70987,0.0,0.0,16.9974,0.010006
KMTC01,I,8283.73655,0.0,0.0,17.0193,0.010253
KMTC01,I,8283.75326,0.0,0.0,17.0163,0.011991
KMTC01,I,8283.79336,0.0,0.0,17.0171,0.013328
KMTC01,I,8283.81347,0.0,0.0,17.0035,0.01358
KMTC01,I,8283.83064,0.0,0.0,17.0074,0.011161
KMTC01,I,8283.84797,0.0,0.0,17.0239,0.011244
KMTC01,I,8283.86499,0.0,0.0,17.0112,0.012408
KMTC01,I,8283.88166,0.0,0.0,17.0172,0.01316
KMTC01,I,8283.90019,0.0,0.0,17.0107,0.014588
KMTC01,I,8284.56403,0.0,0.0,16.9992,0.013747
KMTC01,I,8284.58074,0.0,0.0,17.022,0.014167
KMTC01,I,8284.59767,0.0,0.0,16.9983,0.012909
KMTC01,I,8284.61514,0.0,0.0,17.0059,0.011244
KMTC01,I,8284.63186,0.0,0.0,17.0167,0.011576
KMTC01,I,8284.66232,0.0,0.0,17.0158,0.010912
KMTC01,I,8284.67936,0.0,0.0,17.024,0.010582
KMTC01,I,8284.69619,0.0,0.0,17.04,0.011492
KMTC01,I,8284.73738,0.0,0.0,17.0038,0.010417
KMTC01,I,8284.77019,0.0,0.0,17.0336,0.018392
KMTC01,I,8284.78716,0.0,0.0,17.0363,0.010665
KMTC01,I,8284.80406,0.0,0.0,17.0043,0.010582
KMTC01,I,8284.82315,0.0,0.0,17.0025,0.011742
KMTC01,I,8284.84021,0.0,0.0,17.0242,0.011825
KMTC01,I,8284.86789,0.0,0.0,17.0072,0.011409
KMTC01,I,8284.89916,0.0,0.0,17.0352,0.013328
KMTC01,I,8285.53918,0.0,0.0,17.1098,0.061305
KMTC01,I,8285.61221,0.0,0.0,17.0093,0.012325
KMTC01,I,8285.6333,0.0,0.0,17.0143,0.010006
KMTC01,I,8285.65063,0.0,0.0,16.9976,0.071959
KMTC01,I,8285.66807,0.0,0.0,17.0037,0.011161
KMTC01,I,8285.68492,0.0,0.0,16.9956,0.014672
KMTC01,I,8286.55781,0.0,0.0,17.0334,0.012325
KMTC01,I,8286.57519,0.0,0.0,17.026,0.011991
KMTC01,I,8286.59187,0.0,0.0,17.008,0.014504
KMTC01,I,8286.6089,0.0,0.0,17.0241,0.011576
KMTC01,I,8286.64091,0.0,0.0,17.0225,0.012408
KMTC01,I,8286.66853,0.0,0.0,17.0682,0.022646
KMTC01,I,8286.6882,0.0,0.0,17.0253,0.010171
KMTC01,I,8286.71482,0.0,0.0,17.0321,0.015937
KMTC01,I,8286.73118,0.0,0.0,17.0312,0.018647
KMTC01,I,8286.73253,0.0,0.0,17.0121,0.022901
KMTC01,I,8286.75259,0.0,0.0,17.0284,0.01083
KMTC01,I,8286.78003,0.0,0.0,17.0345,0.012659
KMTC01,I,8286.79643,0.0,0.0,17.0258,0.010912
KMTC01,I,8286.81343,0.0,0.0,17.0177,0.014588
KMTC01,I,8286.83112,0.0,0.0,16.9981,0.011161
KMTC01,I,8286.84762,0.0,0.0,17.03,0.011327
KMTC01,I,8286.87224,0.0,0.0,17.0511,0.014925
KMTC01,I,8286.88636,0.0,0.0,17.0166,0.013663
KMTC01,I,8287.54623,0.0,0.0,17.0189,0.011908
KMTC01,I,8287.57471,0.0,0.0,17.0283,0.012075
KMTC01,I,8287.59478,0.0,0.0,17.017,0.010747
KMTC01,I,8287.61204,0.0,0.0,17.0364,0.01484
KMTC01,I,8287.62899,0.0,0.0,17.003,0.012492
KMTC01,I,8287.64607,0.0,0.0,17.028,0.01484
KMTC01,I,8287.67483,0.0,0.0,17.0195,0.012575
KMTC01,I,8287.69152,0.0,0.0,17.0177,0.010335
KMTC01,I,8287.7116,0.0,0.0,17.0243,0.012408
KMTC01,I,8287.72888,0.0,0.0,17.019,0.011991
KMTC01,I,8287.74581,0.0,0.0,17.0371,0.011078
KMTC01,I,8287.77304,0.0,0.0,17.0392,0.010582
KMTC01,I,8287.79227,0.0,0.0,17.0255,0.012575
KMTC01,I,8287.80885,0.0,0.0,17.0435,0.011409
KMTC01,I,8287.82625,0.0,0.0,17.0232,0.01316
KMTC01,I,8287.84353,0.0,0.0,17.027,0.012826
KMTC01,I,8287.86975,0.0,0.0,17.0352,0.015599
KMTC01,I,8287.88367,0.0,0.0,17.0427,0.016782
KMTC01,I,8288.54512,0.0,0.0,17.0438,0.014167
KMTC01,I,8288.56189,0.0,0.0,17.0295,0.01358
KMTC01,I,8288.5789,0.0,0.0,17.0252,0.013077
KMTC01,I,8288.5961,0.0,0.0,17.0315,0.012909
KMTC01,I,8288.62364,0.0,0.0,17.0163,0.012241
KMTC01,I,8288.64058,0.0,0.0,17.0107,0.013999
KMTC01,I,8288.66855,0.0,0.0,17.0219,0.009924
KMTC01,I,8288.68521,0.0,0.0,17.0246,0.010088
KMTC01,I,8288.70243,0.0,0.0,17.0178,0.011244
KMTC01,I,8288.7198,0.0,0.0,17.0238,0.011991
KMTC01,I,8288.73754,0.0,0.0,17.0363,0.010912
KMTC01,I,8288.76478,0.0,0.0,17.019,0.010747
KMTC01,I,8288.78209,0.0,0.0,17.0221,0.011492
KMTC01,I,8288.79946,0.0,0.0,17.0157,0.011825
KMTC01,I,8288.81645,0.0,0.0,17.0395,0.011825
KMTC01,I,8288.83342,0.0,0.0,17.0308,0.012158
KMTC01,I,8288.86051,0.0,0.0,17.0351,0.013999
KMTC01,I,8288.86901,0.0,0.0,17.0332,0.014925
KMTC01,I,8288.8834,0.0,0.0,17.0449,0.015093
KMTC01,I,8289.51582,0.0,0.0,16.9931,0.015093
KMTC01,I,8289.55182,0.0,0.0,17.0106,0.013831
KMTC01,I,8289.5705,0.0,0.0,17.0137,0.012826
KMTC01,I,8289.58814,0.0,0.0,17.0422,0.014672
KMTC01,I,8289.61549,0.0,0.0,17.0419,0.011409
KMTC01,I,8289.63592,0.0,0.0,17.012,0.01083
KMTC01,I,8289.65322,0.0,0.0,17.0189,0.010912
KMTC01,I,8289.67005,0.0,0.0,17.0042,0.01083
KMTC01,I,8289.70475,0.0,0.0,17.0242,0.011659
KMTC01,I,8289.73315,0.0,0.0,17.0108,0.010995
KMTC01,I,8289.75027,0.0,0.0,17.02,0.019071
KMTC01,I,8289.76686,0.0,0.0,16.9978,0.011244
KMTC01,I,8289.78436,0.0,0.0,17.0165,0.010995
KMTC01,I,8289.80181,0.0,0.0,17.0157,0.01083
KMTC01,I,8289.83064,0.0,0.0,17.0292,0.012075
KMTC01,I,8289.85502,0.0,0.0,17.0146,0.015852
KMTC01,I,8289.87215,0.0,0.0,17.0121,0.014756
KMTC01,I,8289.87514,0.0,0.0,17.0109,0.013663
KMTC01,I,8289.88976,0.0,0.0,17.0236,0.015009
KMTC01,I,8290.51395,0.0,0.0,17.0214,0.016021
KMTC01,I,8290.53575,0.0,0.0,16.9941,0.016021
KMTC01,I,8290.55299,0.0,0.0,17.01,0.015009
KMTC01,I,8290.58204,0.0,0.0,16.9984,0.012575
KMTC01,I,8290.60123,0.0,0.0,17.0164,0.014251
KMTC01,I,8290.60409,0.0,0.0,16.9784,0.013244
KMTC01,I,8290.62111,0.0,0.0,16.9799,0.011244
KMTC01,I,8290.63752,0.0,0.0,17.005,0.012158
KMTC01,I,8290.65472,0.0,0.0,17.0008,0.01316
KMTC01,I,8290.68247,0.0,0.0,16.9798,0.015852
KMTC01,I,8290.7021,0.0,0.0,17.0162,0.017629
KMTC01,I,8290.72294,0.0,0.0,16.9773,0.012075
KMTC01,I,8290.73988,0.0,0.0,16.992,0.011244
KMTC01,I,8290.77427,0.0,0.0,16.9717,0.010912
KMTC01,I,8290.80212,0.0,0.0,16.9719,0.01358
KMTC01,I,8290.81891,0.0,0.0,17.0015,0.014251
KMTC01,I,8290.83579,0.0,0.0,16.9793,0.012993
KMTC01,I,8290.853,0.0,0.0,16.9797,0.012826
KMTC01,I,8290.86977,0.0,0.0,16.984,0.015262
KMTC01,I,8290.87284,0.0,0.0,16.9678,0.016444
KMTC01,I,8290.88676,0.0,0.0,16.9904,0.016613
KMTC01,I,8291.5343,0.0,0.0,16.913,0.015093
KMTC01,I,8291.5526,0.0,0.0,16.9303,0.01442
KMTC01,I,8291.57048,0.0,0.0,16.9324,0.013328
KMTC01,I,8291.58988,0.0,0.0,16.9077,0.013831
KMTC01,I,8291.60683,0.0,0.0,16.9017,0.011742
KMTC01,I,8291.63441,0.0,0.0,16.9122,0.013077
KMTC01,I,8291.65095,0.0,0.0,16.8971,0.012158
KMTC01,I,8291.66742,0.0,0.0,16.9062,0.011825
KMTC01,I,8291.6847,0.0,0.0,16.8886,0.011244
KMTC01,I,8291.70205,0.0,0.0,16.8749,0.014251
KMTC01,I,8291.73328,0.0,0.0,16.8948,0.012575
KMTC01,I,8291.75072,0.0,0.0,16.8848,0.011161
KMTC01,I,8291.76791,0.0,0.0,16.8751,0.011078
KMTC01,I,8291.78498,0.0,0.0,16.884,0.0105
KMTC01,I,8291.80177,0.0,0.0,16.8664,0.011078
KMTC01,I,8291.82096,0.0,0.0,16.8496,0.011576
KMTC01,I,8291.8482,0.0,0.0,16.858,0.012325
KMTC01,I,8291.86813,0.0,0.0,16.8476,0.016698
KMTC01,I,8291.88262,0.0,0.0,16.8391,0.013999
KMTC01,I,8292.51516,0.0,0.0,17.166,0.022305
KMTC01,I,8292.53193,0.0,0.0,17.1646,0.016444
KMTC01,I,8292.5486,0.0,0.0,17.1614,0.018647
KMTC01,I,8292.56595,0.0,0.0,17.1537,0.020772
KMTC01,I,8292.59345,0.0,0.0,17.1921,0.023584
KMTC01,I,8292.61453,0.0,0.0,17.2453,0.03873
KMTC01,I,8292.63183,0.0,0.0,17.1806,0.022475
KMTC01,I,8292.64896,0.0,0.0,17.1436,0.015515
KMTC01,I,8292.66594,0.0,0.0,17.1888,0.012158
KMTC01,I,8292.69396,0.0,0.0,17.1549,0.011244
KMTC01,I,8292.71456,0.0,0.0,17.166,0.011576
KMTC01,I,8292.73411,0.0,0.0,17.1592,0.011161
KMTC01,I,8292.75495,0.0,0.0,17.1625,0.012408
KMTC01,I,8292.77183,0.0,0.0,17.1588,0.011825
KMTC01,I,8292.79998,0.0,0.0,17.1612,0.01316
KMTC01,I,8292.82774,0.0,0.0,17.1842,0.012408
KMTC01,I,8292.86297,0.0,0.0,17.1516,0.013915
KMTC01,I,8292.86722,0.0,0.0,17.1776,0.01484
KMTC01,I,8292.88131,0.0,0.0,17.1779,0.015093
KMTC01,I,8293.55664,0.0,0.0,17.1625,0.019666
KMTC01,I,8293.57328,0.0,0.0,17.1102,0.049369
KMTC01,I,8293.71486,0.0,0.0,17.1713,0.01442
KMTC01,I,8293.74231,0.0,0.0,17.1682,0.01484
KMTC01,I,8293.76023,0.0,0.0,17.1757,0.023242
KMTC01,I,8293.77691,0.0,0.0,17.1658,0.039588
KMTC01,I,8293.79402,0.0,0.0,17.1729,0.080036
KMTC01,I,8294.50463,0.0,0.0,17.0574,0.065257
KMTC01,I,8294.52324,0.0,0.0,17.1844,0.031961
KMTC01,I,8294.55078,0.0,0.0,17.1874,0.028282
KMTC01,I,8294.56788,0.0,0.0,17.1489,0.024522
KMTC01,I,8294.5847,0.0,0.0,17.1787,0.022816
KMTC01,I,8294.60193,0.0,0.0,17.1725,0.021197
KMTC01,I,8294.61895,0.0,0.0,17.1997,0.019241
KMTC01,I,8294.64648,0.0,0.0,17.1698,0.019666
KMTC01,I,8294.66359,0.0,0.0,17.1811,0.017544
KMTC01,I,8294.68105,0.0,0.0,17.1779,0.016698
KMTC01,I,8294.69838,0.0,0.0,17.1557,0.016952
KMTC01,I,8294.71532,0.0,0.0,17.1523,0.031105
KMTC01,I,8294.73252,0.0,0.0,17.1984,0.02401
KMTC01,I,8294.76637,0.0,0.0,17.1785,0.01729
KMTC01,I,8294.78347,0.0,0.0,17.1909,0.016444
KMTC01,I,8294.80094,0.0,0.0,17.1757,0.018477
KMTC01,I,8294.81822,0.0,0.0,17.1944,0.019411
KMTC01,I,8294.8376,0.0,0.0,17.1814,0.029479
KMTC01,I,8294.86135,0.0,0.0,17.1547,0.019411
KMTC01,I,8294.87537,0.0,0.0,17.1813,0.023925
KMTC01,I,8295.52656,0.0,0.0,17.1796,0.026999
KMTC01,I,8295.54396,0.0,0.0,17.1816,0.02384
KMTC01,I,8295.56406,0.0,0.0,17.1641,0.019581
KMTC01,I,8295.58482,0.0,0.0,17.1606,0.020772
KMTC01,I,8295.60222,0.0,0.0,17.2013,0.020346
KMTC01,I,8295.62984,0.0,0.0,17.2005,0.017375
KMTC01,I,8295.64883,0.0,0.0,17.1847,0.015515
KMTC01,I,8295.6657,0.0,0.0,17.1645,0.014335
KMTC01,I,8295.68308,0.0,0.0,17.1952,0.01484
KMTC01,I,8295.70142,0.0,0.0,17.1951,0.018223
KMTC01,I,8295.73055,0.0,0.0,17.1891,0.018307
KMTC01,I,8295.74748,0.0,0.0,17.1848,0.018732
KMTC01,I,8295.76518,0.0,0.0,17.1651,0.018053
KMTC01,I,8295.78389,0.0,0.0,17.1729,0.017799
KMTC01,I,8295.80868,0.0,0.0,17.1651,0.018392
KMTC01,I,8295.82544,0.0,0.0,17.1844,0.018138
KMTC01,I,8295.84977,0.0,0.0,17.1832,0.022475
KMTC01,I,8295.86665,0.0,0.0,17.1806,0.021623
KMTC01,I,8296.52467,0.0,0.0,17.2013,0.028538
KMTC01,I,8296.54215,0.0,0.0,17.1684,0.028624
KMTC01,I,8296.56252,0.0,0.0,17.1735,0.026828
KMTC01,I,8296.58023,0.0,0.0,17.1547,0.025803
KMTC01,I,8296.59716,0.0,0.0,17.2062,0.025974
KMTC01,I,8296.62564,0.0,0.0,17.1696,0.024522
KMTC01,I,8296.64246,0.0,0.0,17.1667,0.023413
KMTC01,I,8296.67043,0.0,0.0,17.1749,0.020942
KMTC01,I,8296.7045,0.0,0.0,17.2021,0.031619
KMTC01,I,8296.73234,0.0,0.0,17.1936,0.029907
KMTC01,I,8296.75334,0.0,0.0,17.1915,0.030934
KMTC01,I,8296.77091,0.0,0.0,17.1574,0.03316
KMTC01,I,8296.78858,0.0,0.0,17.2106,0.033674
KMTC01,I,8296.8059,0.0,0.0,17.1303,0.033417
KMTC01,I,8296.85349,0.0,0.0,17.1828,0.039674
KMTC01,I,8296.85636,0.0,0.0,17.1926,0.038559
KMTC01,I,8296.85925,0.0,0.0,17.1986,0.042676
KMTC01,I,8296.8734,0.0,0.0,17.173,0.044391
KMTC01,I,8297.50231,0.0,0.0,17.2376,0.047824
KMTC01,I,8297.51916,0.0,0.0,17.2001,0.044391
KMTC01,I,8297.53607,0.0,0.0,17.165,0.034702
KMTC01,I,8297.5535,0.0,0.0,17.2105,0.041818
KMTC01,I,8297.57041,0.0,0.0,17.1952,0.039159
KMTC01,I,8297.58746,0.0,0.0,17.2179,0.036073
KMTC01,I,8297.61519,0.0,0.0,17.1593,0.034188
KMTC01,I,8297.63226,0.0,0.0,17.1912,0.032989
KMTC01,I,8297.64959,0.0,0.0,17.1381,0.031961
KMTC01,I,8297.6663,0.0,0.0,17.1994,0.032132
KMTC01,I,8297.68573,0.0,0.0,17.1969,0.022475
KMTC01,I,8297.71407,0.0,0.0,17.1838,0.030249
KMTC01,I,8297.73197,0.0,0.0,17.2496,0.031619
KMTC01,I,8297.75073,0.0,0.0,17.1176,0.032218
KMTC01,I,8297.7727,0.0,0.0,17.1667,0.033845
KMTC01,I,8297.7896,0.0,0.0,17.1744,0.033503
KMTC01,I,8297.81858,0.0,0.0,17.2199,0.029393
KMTC01,I,8297.83542,0.0,0.0,17.1715,0.031191
KMTC01,I,8297.84264,0.0,0.0,17.1858,0.030078
KMTC01,I,8297.85675,0.0,0.0,17.2203,0.032817
KMTC01,I,8298.49465,0.0,0.0,17.1875,0.026401
KMTC01,I,8298.51186,0.0,0.0,17.2113,0.023925
KMTC01,I,8298.52928,0.0,0.0,17.1299,0.020517
KMTC01,I,8298.54609,0.0,0.0,17.2033,0.020006
KMTC01,I,8298.57471,0.0,0.0,17.1781,0.018562
KMTC01,I,8298.59337,0.0,0.0,17.1977,0.019071
KMTC01,I,8298.61513,0.0,0.0,17.1811,0.017544
KMTC01,I,8298.63252,0.0,0.0,17.2049,0.018647
KMTC01,I,8298.64978,0.0,0.0,17.1861,0.016529
KMTC01,I,8298.6666,0.0,0.0,17.1972,0.016952
KMTC01,I,8298.69638,0.0,0.0,17.1753,0.01484
KMTC01,I,8298.71366,0.0,0.0,17.1956,0.014588
KMTC01,I,8298.73062,0.0,0.0,17.1953,0.019921
KMTC01,I,8298.74935,0.0,0.0,17.1707,0.015009
KMTC01,I,8298.76768,0.0,0.0,17.1906,0.018902
KMTC01,I,8298.79801,0.0,0.0,17.1851,0.016444
KMTC01,I,8298.81475,0.0,0.0,17.1872,0.018562
KMTC01,I,8298.83651,0.0,0.0,17.198,0.021538
KMTC01,I,8298.84894,0.0,0.0,17.2036,0.020602
KMTC01,I,8298.86301,0.0,0.0,17.2076,0.021879
KMTC01,I,8299.49557,0.0,0.0,17.1446,0.063453
KMTC01,I,8299.51239,0.0,0.0,17.2222,0.031704
KMTC01,I,8299.54969,0.0,0.0,17.1654,0.031191
KMTC01,I,8299.56749,0.0,0.0,17.2214,0.052374
KMTC01,I,8299.58456,0.0,0.0,17.2272,0.030078
KMTC01,I,8299.60661,0.0,0.0,17.1819,0.024864
KMTC01,I,8299.62351,0.0,0.0,17.0894,0.074794
KMTC01,I,8299.66358,0.0,0.0,17.2064,0.018138
KMTC01,I,8299.70262,0.0,0.0,17.206,0.041904
KMTC01,I,8299.72001,0.0,0.0,17.1746,0.025632
KMTC01,I,8299.73739,0.0,0.0,17.1873,0.02401
KMTC01,I,8299.81264,0.0,0.0,17.1183,0.029137
KMTC01,I,8299.82995,0.0,0.0,17.2094,0.084677
KMTC01,I,8299.84236,0.0,0.0,17.2031,0.086998
KMTC01,I,8299.85626,0.0,0.0,17.2174,0.055723
KMTC01,I,8301.50165,0.0,0.0,17.1533,0.036673
KMTC01,I,8301.51841,0.0,0.0,17.1669,0.036844
KMTC01,I,8301.53507,0.0,0.0,17.2154,0.030677
KMTC01,I,8301.56477,0.0,0.0,17.2071,0.024522
KMTC01,I,8301.58201,0.0,0.0,17.2037,0.020857
KMTC01,I,8301.59871,0.0,0.0,17.2459,0.03573
KMTC01,I,8301.61536,0.0,0.0,17.1961,0.017629
KMTC01,I,8301.63402,0.0,0.0,17.1786,0.016021
KMTC01,I,8301.66081,0.0,0.0,17.1973,0.017544
KMTC01,I,8301.67776,0.0,0.0,17.167,0.01729
KMTC01,I,8303.55149,0.0,0.0,17.1996,0.021538
KMTC01,I,8305.51109,0.0,0.0,17.1895,0.029051
KMTC01,I,8305.52771,0.0,0.0,17.208,0.023754
KMTC01,I,8305.55489,0.0,0.0,17.2299,0.018987
KMTC01,I,8305.57231,0.0,0.0,17.2029,0.018392
KMTC01,I,8305.58975,0.0,0.0,17.2151,0.016021
KMTC01,I,8305.60913,0.0,0.0,17.2197,0.015093
KMTC01,I,8305.65952,0.0,0.0,17.1909,0.019411
KMTC01,I,8305.68682,0.0,0.0,17.2104,0.018392
KMTC01,I,8305.70697,0.0,0.0,17.1834,0.018732
KMTC01,I,8305.71168,0.0,0.0,17.1803,0.021964
KMTC01,I,8305.73572,0.0,0.0,17.1793,0.021453
KMTC01,I,8305.75334,0.0,0.0,17.2303,0.020431
KMTC01,I,8306.4701,0.0,0.0,17.0879,0.03376
KMTC01,I,8306.52303,0.0,0.0,17.1624,0.028709
KMTC01,I,8306.55697,0.0,0.0,17.2405,0.021538
KMTC01,I,8306.57418,0.0,0.0,17.207,0.020431
KMTC01,I,8306.59084,0.0,0.0,17.1895,0.020006
KMTC01,I,8306.62033,0.0,0.0,17.2229,0.022646
KMTC01,I,8306.63737,0.0,0.0,17.2004,0.015177
KMTC01,I,8306.65506,0.0,0.0,17.2138,0.012325
KMTC01,I,8306.67241,0.0,0.0,17.1925,0.019666
KMTC01,I,8306.68982,0.0,0.0,17.1605,0.026401
KMTC01,I,8306.70674,0.0,0.0,17.1893,0.016782
KMTC01,I,8306.73582,0.0,0.0,17.2006,0.013412
KMTC01,I,8306.75265,0.0,0.0,17.2307,0.013747
KMTC01,I,8306.76967,0.0,0.0,17.2129,0.019241
KMTC01,I,8306.78648,0.0,0.0,17.2119,0.015937
KMTC01,I,8306.8038,0.0,0.0,17.2117,0.01484
KMTC01,I,8306.82867,0.0,0.0,17.2149,0.017544
KMTC01,I,8306.84319,0.0,0.0,17.2023,0.018138
KMTC01,I,8307.50209,0.0,0.0,17.2041,0.016106
KMTC01,I,8307.51938,0.0,0.0,17.1971,0.014504
KMTC01,I,8307.53635,0.0,0.0,17.2256,0.014251
KMTC01,I,8307.55388,0.0,0.0,17.1853,0.012826
KMTC01,I,8307.57108,0.0,0.0,17.1962,0.012659
KMTC01,I,8307.59846,0.0,0.0,17.2018,0.011908
KMTC01,I,8307.61543,0.0,0.0,17.1953,0.011492
KMTC01,I,8307.63357,0.0,0.0,17.2096,0.011244
KMTC01,I,8307.65208,0.0,0.0,17.2084,0.011742
KMTC01,I,8307.66898,0.0,0.0,17.1746,0.012241
KMTC01,I,8307.69668,0.0,0.0,17.2294,0.012575
KMTC01,I,8307.71341,0.0,0.0,17.2116,0.012158
KMTC01,I,8307.73075,0.0,0.0,17.1983,0.011409
KMTC01,I,8307.74789,0.0,0.0,17.1973,0.012075
KMTC01,I,8307.76467,0.0,0.0,17.2146,0.012492
KMTC01,I,8307.78298,0.0,0.0,17.1919,0.012408
KMTC01,I,8307.80983,0.0,0.0,17.1911,0.014588
KMTC01,I,8307.82475,0.0,0.0,17.232,0.014083
KMTC01,I,8307.84038,0.0,0.0,17.2214,0.016359
KMTC01,I,8308.48514,0.0,0.0,17.1983,0.013663
KMTC01,I,8308.51729,0.0,0.0,17.1979,0.011742
KMTC01,I,8308.53413,0.0,0.0,17.2057,0.012659
KMTC01,I,8308.55051,0.0,0.0,17.2061,0.013077
KMTC01,I,8308.56813,0.0,0.0,17.1956,0.013999
KMTC01,I,8308.5963,0.0,0.0,17.2095,0.013077
KMTC01,I,8308.61757,0.0,0.0,17.2129,0.012993
KMTC01,I,8308.63668,0.0,0.0,17.2172,0.013077
KMTC01,I,8308.65416,0.0,0.0,17.201,0.011742
KMTC01,I,8308.67073,0.0,0.0,17.2049,0.012993
KMTC01,I,8308.70002,0.0,0.0,17.1904,0.012826
KMTC01,I,8308.71643,0.0,0.0,17.2023,0.011659
KMTC01,I,8308.73311,0.0,0.0,17.1983,0.012492
KMTC01,I,8308.74996,0.0,0.0,17.2052,0.012993
KMTC01,I,8308.76691,0.0,0.0,17.1941,0.013747
KMTC01,I,8308.79472,0.0,0.0,17.2212,0.016613
KMTC01,I,8308.81352,0.0,0.0,17.2178,0.015093
KMTC01,I,8308.82075,0.0,0.0,17.2187,0.016529
KMTC01,I,8308.83537,0.0,0.0,17.2051,0.016698
KMTC01,I,8309.47384,0.0,0.0,17.2095,0.014504
KMTC01,I,8309.49098,0.0,0.0,17.2151,0.012742
KMTC01,I,8309.51278,0.0,0.0,17.2005,0.012575
KMTC01,I,8309.52968,0.0,0.0,17.2072,0.016952
KMTC01,I,8309.54698,0.0,0.0,17.2248,0.014756
KMTC01,I,8309.57824,0.0,0.0,17.2038,0.0105
KMTC01,I,8309.59687,0.0,0.0,17.2047,0.011078
KMTC01,I,8309.61698,0.0,0.0,17.2024,0.011659
KMTC01,I,8309.63389,0.0,0.0,17.207,0.010747
KMTC01,I,8309.65106,0.0,0.0,17.1954,0.010912
KMTC01,I,8309.68382,0.0,0.0,17.2056,0.010995
KMTC01,I,8309.70206,0.0,0.0,17.1954,0.012241
KMTC01,I,8309.71891,0.0,0.0,17.2262,0.011742
KMTC01,I,8309.73569,0.0,0.0,17.1988,0.012325
KMTC01,I,8309.7526,0.0,0.0,17.2124,0.012909
KMTC01,I,8309.7854,0.0,0.0,17.1909,0.012742
KMTC01,I,8309.80238,0.0,0.0,17.1984,0.01316
KMTC01,I,8309.81952,0.0,0.0,17.1931,0.013831
KMTC01,I,8309.83352,0.0,0.0,17.1968,0.015599
KMTC01,I,8310.48101,0.0,0.0,17.2071,0.01484
KMTC01,I,8310.49924,0.0,0.0,17.1956,0.013244
KMTC01,I,8310.51689,0.0,0.0,17.2023,0.012742
KMTC01,I,8310.54506,0.0,0.0,17.2082,0.011492
KMTC01,I,8310.5732,0.0,0.0,17.1905,0.012075
KMTC01,I,8310.59069,0.0,0.0,17.2081,0.012075
KMTC01,I,8310.6078,0.0,0.0,17.2109,0.012408
KMTC01,I,8310.6269,0.0,0.0,17.2054,0.012075
KMTC01,I,8310.64393,0.0,0.0,17.1968,0.011908
KMTC01,I,8310.67159,0.0,0.0,17.205,0.011991
KMTC01,I,8310.68877,0.0,0.0,17.222,0.011576
KMTC01,I,8310.70537,0.0,0.0,17.1921,0.010995
KMTC01,I,8310.72207,0.0,0.0,17.2217,0.011409
KMTC01,I,8310.73932,0.0,0.0,17.2002,0.012241
KMTC01,I,8310.76669,0.0,0.0,17.203,0.012659
KMTC01,I,8310.78367,0.0,0.0,17.2139,0.014167
KMTC01,I,8310.80071,0.0,0.0,17.203,0.016782
KMTC01,I,8310.81255,0.0,0.0,17.2093,0.016444
KMTC01,I,8310.8268,0.0,0.0,17.209,0.015262
KMTC01,I,8311.46943,0.0,0.0,17.223,0.015937
KMTC01,I,8311.47077,0.0,0.0,17.2219,0.016444
KMTC01,I,8311.48795,0.0,0.0,17.1833,0.01484
KMTC01,I,8311.52032,0.0,0.0,17.1844,0.014167
KMTC01,I,8311.53748,0.0,0.0,17.1975,0.013328
KMTC01,I,8311.55491,0.0,0.0,17.1994,0.013663
KMTC01,I,8311.57311,0.0,0.0,17.2115,0.013077
KMTC01,I,8311.5897,0.0,0.0,17.2216,0.014251
KMTC01,I,8311.60671,0.0,0.0,17.2159,0.013328
KMTC01,I,8311.6353,0.0,0.0,17.1791,0.012993
KMTC01,I,8311.66281,0.0,0.0,17.1971,0.013999
KMTC01,I,8311.67987,0.0,0.0,17.1987,0.012993
KMTC01,I,8311.69661,0.0,0.0,17.2065,0.013496
KMTC01,I,8311.71345,0.0,0.0,17.2137,0.012659
KMTC01,I,8311.74088,0.0,0.0,17.1997,0.013496
KMTC01,I,8311.75803,0.0,0.0,17.2085,0.013244
KMTC01,I,8311.77507,0.0,0.0,17.1338,0.021708
KMTC01,I,8311.7919,0.0,0.0,17.2144,0.016359
KMTC01,I,8311.8047,0.0,0.0,17.2251,0.018138
KMTC01,I,8311.81867,0.0,0.0,17.2293,0.019751
KMTC01,I,8312.49963,0.0,0.0,17.1815,0.016444
KMTC01,I,8312.51659,0.0,0.0,17.2147,0.016782
KMTC01,I,8312.53405,0.0,0.0,17.2106,0.016613
KMTC01,I,8312.55045,0.0,0.0,17.213,0.014251
KMTC01,I,8312.57324,0.0,0.0,17.2035,0.013831
KMTC01,I,8312.603,0.0,0.0,17.2069,0.012659
KMTC01,I,8312.62311,0.0,0.0,17.2206,0.01442
KMTC01,I,8312.64008,0.0,0.0,17.2133,0.01358
KMTC01,I,8312.65694,0.0,0.0,17.206,0.013747
KMTC01,I,8312.67377,0.0,0.0,17.2067,0.012826
KMTC01,I,8312.69053,0.0,0.0,17.2193,0.013663
KMTC01,I,8312.71807,0.0,0.0,17.1952,0.013077
KMTC01,I,8312.73502,0.0,0.0,17.2153,0.013244
KMTC01,I,8312.75779,0.0,0.0,17.2036,0.014756
KMTC01,I,8312.77462,0.0,0.0,17.2241,0.014083
KMTC01,I,8312.79179,0.0,0.0,17.184,0.014251
KMTC01,I,8312.80343,0.0,0.0,17.222,0.015177
KMTC01,I,8312.81936,0.0,0.0,17.2104,0.016359
KMTC01,I,8313.49761,0.0,0.0,17.1857,0.019836
KMTC01,I,8313.51471,0.0,0.0,17.2184,0.015093
KMTC01,I,8313.53189,0.0,0.0,17.2023,0.01358
KMTC01,I,8313.54945,0.0,0.0,17.2029,0.013663
KMTC01,I,8313.56681,0.0,0.0,17.2104,0.012826
KMTC01,I,8313.59567,0.0,0.0,17.2353,0.013496
KMTC01,I,8313.61281,0.0,0.0,17.2153,0.011742
KMTC01,I,8313.6344,0.0,0.0,17.2138,0.014083
KMTC01,I,8313.65165,0.0,0.0,17.2071,0.012575
KMTC01,I,8313.6681,0.0,0.0,17.2206,0.013496
KMTC01,I,8313.69617,0.0,0.0,17.2049,0.012241
KMTC01,I,8313.71308,0.0,0.0,17.2038,0.013496
KMTC01,I,8313.73019,0.0,0.0,17.1911,0.013831
KMTC01,I,8313.74721,0.0,0.0,17.222,0.01484
KMTC01,I,8313.76409,0.0,0.0,17.2095,0.015768
KMTC01,I,8313.78133,0.0,0.0,17.1958,0.016021
KMTC01,I,8313.80417,0.0,0.0,17.2095,0.017544
KMTC01,I,8313.81845,0.0,0.0,17.208,0.016952
KMTC01,I,8314.47533,0.0,0.0,17.2186,0.015599
KMTC01,I,8314.49434,0.0,0.0,17.2102,0.014588
KMTC01,I,8314.51131,0.0,0.0,17.1746,0.015346
KMTC01,I,8314.52861,0.0,0.0,17.2052,0.013999
KMTC01,I,8314.54792,0.0,0.0,17.1926,0.011908
KMTC01,I,8314.57638,0.0,0.0,17.1901,0.012993
KMTC01,I,8314.59326,0.0,0.0,17.2314,0.013077
KMTC01,I,8314.61007,0.0,0.0,17.1994,0.012742
KMTC01,I,8314.62698,0.0,0.0,17.2269,0.011659
KMTC01,I,8314.64514,0.0,0.0,17.1975,0.012993
KMTC01,I,8314.67277,0.0,0.0,17.2006,0.023242
KMTC01,I,8314.68984,0.0,0.0,17.2389,0.021027
KMTC01,I,8314.70665,0.0,0.0,17.2027,0.013077
KMTC01,I,8314.74536,0.0,0.0,17.2161,0.012826
KMTC01,I,8314.77269,0.0,0.0,17.2153,0.014925
KMTC01,I,8314.78989,0.0,0.0,17.1911,0.014504
KMTC01,I,8314.80441,0.0,0.0,17.2071,0.014925
KMTC01,I,8314.8189,0.0,0.0,17.1911,0.013412
KMTC01,I,8315.4684,0.0,0.0,17.2302,0.019156
KMTC01,I,8315.48544,0.0,0.0,17.2151,0.022901
KMTC01,I,8315.50264,0.0,0.0,17.1906,0.014672
KMTC01,I,8315.52657,0.0,0.0,17.2216,0.013244
KMTC01,I,8316.47976,0.0,0.0,17.1989,0.015346
KMTC01,I,8316.49648,0.0,0.0,17.2187,0.015262
KMTC01,I,8316.51325,0.0,0.0,17.2049,0.012075
KMTC01,I,8316.5302,0.0,0.0,17.215,0.011991
KMTC01,I,8316.54705,0.0,0.0,17.1865,0.016952
KMTC01,I,8316.57709,0.0,0.0,17.2209,0.017206
KMTC01,I,8316.5942,0.0,0.0,17.2228,0.023925
KMTC01,I,8316.6187,0.0,0.0,17.1986,0.01442
KMTC01,I,8316.63534,0.0,0.0,17.1982,0.019921
KMTC01,I,8316.65544,0.0,0.0,17.1964,0.011908
KMTC01,I,8316.68401,0.0,0.0,17.2617,0.109261
KMTC01,I,8316.70399,0.0,0.0,17.2104,0.012325
KMTC01,I,8316.72122,0.0,0.0,17.2215,0.012241
KMTC01,I,8316.73945,0.0,0.0,17.1942,0.012408
KMTC01,I,8316.75585,0.0,0.0,17.2004,0.012909
KMTC01,I,8316.77729,0.0,0.0,17.2108,0.012408
KMTC01,I,8316.79608,0.0,0.0,17.1419,0.081669
KMTC01,I,8318.78274,0.0,0.0,17.2203,0.024266
KMTC01,I,8318.79252,0.0,0.0,17.1956,0.020517
KMTC01,I,8318.80752,0.0,0.0,17.2008,0.021538
KMTC01,I,8319.68493,0.0,0.0,17.1254,0.039588
KMTC01,I,8319.76536,0.0,0.0,17.187,0.035816
KMTC01,I,8320.47414,0.0,0.0,17.1828,0.015684
KMTC01,I,8320.49066,0.0,0.0,17.2071,0.016613
KMTC01,I,8320.50758,0.0,0.0,17.2131,0.014756
KMTC01,I,8320.53527,0.0,0.0,17.199,0.013328
KMTC01,I,8320.55235,0.0,0.0,17.2046,0.015093
KMTC01,I,8320.56974,0.0,0.0,17.2127,0.013663
KMTC01,I,8320.58681,0.0,0.0,17.216,0.013077
KMTC01,I,8320.60541,0.0,0.0,17.2125,0.013831
KMTC01,I,8320.63336,0.0,0.0,17.1913,0.015515
KMTC01,I,8320.65208,0.0,0.0,17.2098,0.01316
KMTC01,I,8320.66919,0.0,0.0,17.2093,0.013915
KMTC01,I,8320.68639,0.0,0.0,17.1919,0.012659
KMTC01,I,8320.70347,0.0,0.0,17.1818,0.012993
KMTC01,I,8320.73096,0.0,0.0,17.2269,0.014083
KMTC01,I,8320.74751,0.0,0.0,17.1996,0.013663
KMTC01,I,8320.76481,0.0,0.0,17.2123,0.014251
KMTC01,I,8320.78237,0.0,0.0,17.1912,0.01619
KMTC01,I,8320.78701,0.0,0.0,17.2052,0.016952
KMTC01,I,8320.80157,0.0,0.0,17.2265,0.019921
KMTC01,I,8321.46331,0.0,0.0,17.1759,0.024352
KMTC01,I,8321.48048,0.0,0.0,17.1924,0.01442
KMTC01,I,8321.49754,0.0,0.0,17.1907,0.029565
KMTC01,I,8321.54256,0.0,0.0,17.2122,0.206164
KMTC01,I,8321.56098,0.0,0.0,16.8109,0.261801
KMTC01,I,8321.57756,0.0,0.0,17.1552,0.212785
KMTC01,I,8321.59449,0.0,0.0,17.2674,0.201434
KMTC01,I,8322.47837,0.0,0.0,17.3318,0.086654
KMTC01,I,8322.49531,0.0,0.0,17.1702,0.03316
KMTC01,I,8322.51228,0.0,0.0,17.212,0.017883
KMTC01,I,8322.52945,0.0,0.0,17.2137,0.021112
KMTC01,I,8322.54785,0.0,0.0,17.1835,0.01484
KMTC01,I,8322.57727,0.0,0.0,17.2232,0.021112
KMTC01,I,8322.59434,0.0,0.0,17.1916,0.019496
KMTC01,I,8322.61437,0.0,0.0,17.2244,0.017375
KMTC01,I,8322.63187,0.0,0.0,17.1811,0.02512
KMTC01,I,8322.6489,0.0,0.0,17.2224,0.029907
KMTC01,I,8322.67764,0.0,0.0,17.3723,0.058986
KMTC01,I,8322.69411,0.0,0.0,17.1003,0.057269
KMTC01,I,8322.71372,0.0,0.0,17.236,0.059845
KMTC01,I,8322.73096,0.0,0.0,17.2064,0.034702
KMTC01,I,8322.74827,0.0,0.0,17.223,0.03513
KMTC01,I,8322.76548,0.0,0.0,17.1275,0.065171
KMTC01,I,8322.78748,0.0,0.0,17.3063,0.051515
KMTC01,I,8322.80199,0.0,0.0,17.268,0.043362
KMTC01,I,8323.4734,0.0,0.0,17.2389,0.026657
KMTC01,I,8323.49047,0.0,0.0,17.2039,0.020602
KMTC01,I,8323.50761,0.0,0.0,17.1872,0.018477
KMTC01,I,8323.52471,0.0,0.0,17.2125,0.025205
KMTC01,I,8323.54186,0.0,0.0,17.2005,0.019581
KMTC01,I,8323.57153,0.0,0.0,17.2029,0.016867
KMTC01,I,8323.59025,0.0,0.0,17.2177,0.01619
KMTC01,I,8323.60738,0.0,0.0,17.2408,0.015599
KMTC01,I,8323.62411,0.0,0.0,17.2049,0.020091
KMTC01,I,8323.64117,0.0,0.0,17.2276,0.023584
KMTC01,I,8323.66849,0.0,0.0,17.2378,0.020942
KMTC01,I,8323.68542,0.0,0.0,17.2435,0.024778
KMTC01,I,8323.70192,0.0,0.0,17.2564,0.021793
KMTC01,I,8323.71911,0.0,0.0,17.2069,0.023157
KMTC01,I,8323.73616,0.0,0.0,17.2005,0.023072
KMTC01,I,8323.76404,0.0,0.0,17.1776,0.027512
KMTC01,I,8323.78081,0.0,0.0,17.2008,0.029992
KMTC01,I,8323.79497,0.0,0.0,17.2547,0.057784
KMTC01,I,8324.47196,0.0,0.0,17.1376,0.031447
KMTC01,I,8324.48877,0.0,0.0,17.2208,0.042847
KMTC01,I,8324.50585,0.0,0.0,17.2497,0.032646
KMTC01,I,8324.52312,0.0,0.0,17.2605,0.036587
KMTC01,I,8324.53968,0.0,0.0,17.1898,0.028111
KMTC01,I,8324.56828,0.0,0.0,17.1955,0.033845
KMTC01,I,8324.58499,0.0,0.0,17.1959,0.026828
KMTC01,I,8324.60181,0.0,0.0,17.2308,0.024095
KMTC01,I,8324.6192,0.0,0.0,17.2321,0.025205
KMTC01,I,8324.63618,0.0,0.0,17.2239,0.024522
KMTC01,I,8324.66583,0.0,0.0,17.2142,0.027598
KMTC01,I,8324.68275,0.0,0.0,17.2172,0.025718
KMTC01,I,8324.6996,0.0,0.0,17.2304,0.025205
KMTC01,I,8324.71686,0.0,0.0,17.2143,0.02623
KMTC01,I,8324.73547,0.0,0.0,17.2263,0.02623
KMTC01,I,8324.76405,0.0,0.0,17.2064,0.033417
KMTC01,I,8324.77542,0.0,0.0,17.2257,0.03573
KMTC01,I,8324.79022,0.0,0.0,17.1983,0.032047
KMTC01,I,8325.48208,0.0,0.0,17.1952,0.033417
KMTC01,I,8325.49906,0.0,0.0,17.2578,0.027512
KMTC01,I,8325.5248,0.0,0.0,17.1888,0.038559
KMTC01,I,8325.54238,0.0,0.0,17.2551,0.032817
KMTC01,I,8325.57135,0.0,0.0,17.206,0.049026
KMTC01,I,8325.58828,0.0,0.0,17.2596,0.048253
KMTC01,I,8325.60527,0.0,0.0,17.2111,0.022901
KMTC01,I,8325.62219,0.0,0.0,17.1829,0.040445
KMTC01,I,8325.64568,0.0,0.0,17.2337,0.035216
KMTC01,I,8325.69869,0.0,0.0,17.1162,0.099117
KMTC01,I,8325.71544,0.0,0.0,17.2417,0.05246
KMTC01,I,8325.73243,0.0,0.0,17.252,0.051687
KMTC01,I,8325.74986,0.0,0.0,17.2793,0.086654
KMTC01,I,8325.76557,0.0,0.0,17.3368,0.114763
KMTC01,I,8325.77965,0.0,0.0,17.1772,0.078146
KMTC01,I,8327.72253,0.0,0.0,17.2318,0.021708
KMTC01,I,8327.75164,0.0,0.0,17.2168,0.025205
KMTC01,I,8327.769,0.0,0.0,17.2037,0.025291
KMTC01,I,8327.78288,0.0,0.0,17.2356,0.031105
KMTC01,I,8328.47789,0.0,0.0,17.2143,0.019666
KMTC01,I,8328.49491,0.0,0.0,17.2626,0.025632
KMTC01,I,8328.51179,0.0,0.0,17.24,0.025291
KMTC01,I,8328.52897,0.0,0.0,17.2462,0.020346
KMTC01,I,8328.55886,0.0,0.0,17.2322,0.016529
KMTC01,I,8328.59701,0.0,0.0,17.2088,0.014925
KMTC01,I,8328.61407,0.0,0.0,17.2339,0.013999
KMTC01,I,8328.63362,0.0,0.0,17.2082,0.01484
KMTC01,I,8328.67264,0.0,0.0,17.2217,0.015515
KMTC01,I,8328.7,0.0,0.0,17.202,0.014588
KMTC01,I,8328.71733,0.0,0.0,17.23,0.017799
KMTC01,I,8328.73429,0.0,0.0,17.2302,0.018817
KMTC01,I,8328.75117,0.0,0.0,17.235,0.019751
KMTC01,I,8328.76798,0.0,0.0,17.2267,0.019326
KMTC01,I,8328.77431,0.0,0.0,17.2454,0.020431
KMTC01,I,8328.77587,0.0,0.0,17.2162,0.018138
KMTC01,I,8329.49974,0.0,0.0,17.2071,0.015262
KMTC01,I,8329.51672,0.0,0.0,17.2228,0.015093
KMTC01,I,8329.53321,0.0,0.0,17.2343,0.017883
KMTC01,I,8329.55048,0.0,0.0,17.2176,0.011991
KMTC01,I,8329.5668,0.0,0.0,17.2141,0.012492
KMTC01,I,8329.59475,0.0,0.0,17.2228,0.013077
KMTC01,I,8329.61146,0.0,0.0,17.1962,0.012492
KMTC01,I,8329.62882,0.0,0.0,17.2156,0.011908
KMTC01,I,8329.64584,0.0,0.0,17.2383,0.012492
KMTC01,I,8329.66892,0.0,0.0,17.2298,0.011991
KMTC01,I,8329.69655,0.0,0.0,17.2447,0.013077
KMTC01,I,8329.71971,0.0,0.0,17.2014,0.013831
KMTC01,I,8329.73688,0.0,0.0,17.2314,0.016529
KMTC01,I,8329.75384,0.0,0.0,17.22,0.016782
KMTC01,I,8329.76796,0.0,0.0,17.2038,0.017375
KMTC01,I,8330.48065,0.0,0.0,17.2441,0.018477
KMTC01,I,8330.49806,0.0,0.0,17.2092,0.016867
KMTC01,I,8330.51616,0.0,0.0,17.2247,0.016444
KMTC01,I,8330.54464,0.0,0.0,17.2062,0.012325
KMTC01,I,8330.56186,0.0,0.0,17.2243,0.018392
KMTC01,I,8330.57927,0.0,0.0,17.2213,0.016952
KMTC01,I,8330.59598,0.0,0.0,17.2184,0.015009
KMTC01,I,8330.6195,0.0,0.0,17.2159,0.021793
KMTC01,I,8330.64734,0.0,0.0,17.2324,0.022646
KMTC01,I,8330.66401,0.0,0.0,17.2578,0.032817
KMTC01,I,8330.68316,0.0,0.0,17.2354,0.026743
KMTC01,I,8330.69974,0.0,0.0,17.2633,0.025205
KMTC01,I,8330.71655,0.0,0.0,17.1736,0.094132
KMTC01,I,8330.74482,0.0,0.0,17.1601,0.048854
KMTC01,I,8330.75758,0.0,0.0,17.1763,0.046108
KMTC01,I,8331.47606,0.0,0.0,17.2118,0.012075
KMTC01,I,8331.49272,0.0,0.0,17.2069,0.011908
KMTC01,I,8331.50956,0.0,0.0,17.2257,0.011244
KMTC01,I,8331.52641,0.0,0.0,17.2223,0.011244
KMTC01,I,8331.55435,0.0,0.0,17.2216,0.010995
KMTC01,I,8331.57123,0.0,0.0,17.2192,0.011409
KMTC01,I,8331.58788,0.0,0.0,17.2186,0.012993
KMTC01,I,8331.60458,0.0,0.0,17.216,0.010171
KMTC01,I,8331.62404,0.0,0.0,17.2287,0.015262
KMTC01,I,8331.64232,0.0,0.0,17.2036,0.018138
KMTC01,I,8331.66975,0.0,0.0,17.2228,0.014756
KMTC01,I,8331.68691,0.0,0.0,17.237,0.012909
KMTC01,I,8331.70383,0.0,0.0,17.205,0.013663
KMTC01,I,8331.7206,0.0,0.0,17.2147,0.014251
KMTC01,I,8331.73785,0.0,0.0,17.2334,0.013747
KMTC01,I,8331.76053,0.0,0.0,17.2273,0.016021
KMTC01,I,8331.77895,0.0,0.0,17.2104,0.01484
KMTC01,I,8332.49509,0.0,0.0,17.2362,0.013077
KMTC01,I,8332.51212,0.0,0.0,17.2015,0.013328
KMTC01,I,8332.52899,0.0,0.0,17.2087,0.011576
KMTC01,I,8332.54652,0.0,0.0,17.2204,0.0105
KMTC01,I,8332.56376,0.0,0.0,17.2287,0.0105
KMTC01,I,8332.59171,0.0,0.0,17.2351,0.012075
KMTC01,I,8332.6087,0.0,0.0,17.2148,0.012742
KMTC01,I,8332.62593,0.0,0.0,17.2197,0.012492
KMTC01,I,8332.64308,0.0,0.0,17.217,0.013077
KMTC01,I,8332.65993,0.0,0.0,17.2218,0.012075
KMTC01,I,8332.68882,0.0,0.0,17.2331,0.013999
KMTC01,I,8332.70592,0.0,0.0,17.206,0.014251
KMTC01,I,8332.72438,0.0,0.0,17.2218,0.014925
KMTC01,I,8332.74371,0.0,0.0,17.2311,0.015852
KMTC01,I,8332.75884,0.0,0.0,17.2319,0.017036
KMTC01,I,8332.77396,0.0,0.0,17.2111,0.015852
KMTC01,I,8333.46614,0.0,0.0,17.2442,0.020346
KMTC01,I,8333.48314,0.0,0.0,17.226,0.016867
KMTC01,I,8333.49996,0.0,0.0,17.2046,0.014756
KMTC01,I,8333.52824,0.0,0.0,17.2163,0.012993
KMTC01,I,8333.56851,0.0,0.0,17.2216,0.013328
KMTC01,I,8334.47516,0.0,0.0,17.2071,0.016444
KMTC01,I,8334.49205,0.0,0.0,17.24,0.015177
KMTC01,I,8334.50755,0.0,0.0,17.2105,0.01358
KMTC01,I,8334.52457,0.0,0.0,17.2151,0.013328
KMTC01,I,8334.55289,0.0,0.0,17.2013,0.011908
KMTC01,I,8334.57037,0.0,0.0,17.1899,0.012909
KMTC01,I,8334.58726,0.0,0.0,17.2219,0.012241
KMTC01,I,8334.60602,0.0,0.0,17.2144,0.012659
KMTC01,I,8334.62303,0.0,0.0,17.2182,0.011908
KMTC01,I,8334.65062,0.0,0.0,17.2226,0.012659
KMTC01,I,8334.66789,0.0,0.0,17.2319,0.012075
KMTC01,I,8334.6849,0.0,0.0,17.204,0.013412
KMTC01,I,8334.70181,0.0,0.0,17.2175,0.01358
KMTC01,I,8334.71934,0.0,0.0,17.2234,0.014756
KMTC01,I,8334.74846,0.0,0.0,17.2338,0.016275
KMTC01,I,8334.75117,0.0,0.0,17.2169,0.017544
KMTC01,I,8334.7652,0.0,0.0,17.2,0.019156
KMTC01,I,8335.47671,0.0,0.0,17.232,0.087857
KMTC01,I,8335.50417,0.0,0.0,17.2094,0.014756
KMTC01,I,8335.52573,0.0,0.0,17.2044,0.017968
KMTC01,I,8335.54285,0.0,0.0,17.2111,0.012993
KMTC01,I,8335.55996,0.0,0.0,17.2209,0.012075
KMTC01,I,8335.57722,0.0,0.0,17.2283,0.01316
KMTC01,I,8335.60451,0.0,0.0,17.2275,0.012241
KMTC01,I,8335.62156,0.0,0.0,17.2133,0.01484
KMTC01,I,8335.63874,0.0,0.0,17.2247,0.012826
KMTC01,I,8335.65593,0.0,0.0,17.2089,0.013747
KMTC01,I,8335.70148,0.0,0.0,17.2438,0.01484
KMTC01,I,8335.71823,0.0,0.0,17.2266,0.017121
KMTC01,I,8335.73496,0.0,0.0,17.1967,0.019496
KMTC01,I,8335.7466,0.0,0.0,17.2397,0.017714
KMTC01,I,8335.76071,0.0,0.0,17.2053,0.020431
KMTC01,I,8336.4795,0.0,0.0,17.2144,0.011327
KMTC01,I,8336.4969,0.0,0.0,17.2274,0.011492
KMTC01,I,8336.52454,0.0,0.0,17.2283,0.010995
KMTC01,I,8336.54158,0.0,0.0,17.2269,0.011327
KMTC01,I,8336.5688,0.0,0.0,17.2306,0.011244
KMTC01,I,8336.58584,0.0,0.0,17.2162,0.011244
KMTC01,I,8336.60369,0.0,0.0,17.239,0.016021
KMTC01,I,8336.63765,0.0,0.0,17.2114,0.014588
KMTC01,I,8336.68227,0.0,0.0,17.2192,0.01442
KMTC01,I,8336.70243,0.0,0.0,17.2438,0.018223
KMTC01,I,8336.71956,0.0,0.0,17.235,0.014588
KMTC01,I,8336.73665,0.0,0.0,17.2065,0.014756
KMTC01,I,8336.74542,0.0,0.0,17.2167,0.013999
KMTC01,I,8336.75954,0.0,0.0,17.2062,0.014083
KMTC01,I,8338.51373,0.0,0.0,17.2386,0.025034
KMTC01,I,8338.53058,0.0,0.0,17.2131,0.018053
KMTC01,I,8338.54775,0.0,0.0,17.2277,0.016867
KMTC01,I,8338.56835,0.0,0.0,17.2333,0.018138
KMTC01,I,8338.58597,0.0,0.0,17.1991,0.015768
KMTC01,I,8338.61462,0.0,0.0,17.217,0.013915
KMTC01,I,8338.63182,0.0,0.0,17.2164,0.014588
KMTC01,I,8338.64882,0.0,0.0,17.2162,0.01619
KMTC01,I,8338.66577,0.0,0.0,17.2292,0.017968
KMTC01,I,8338.68275,0.0,0.0,17.2332,0.019581
KMTC01,I,8338.71061,0.0,0.0,17.2107,0.018817
KMTC01,I,8338.72488,0.0,0.0,17.2327,0.020091
KMTC01,I,8338.74463,0.0,0.0,17.232,0.018817
KMTC01,I,8339.47793,0.0,0.0,17.2102,0.012742
KMTC01,I,8339.49768,0.0,0.0,17.233,0.012408
KMTC01,I,8339.51588,0.0,0.0,17.1658,0.026059
KMTC01,I,8339.52075,0.0,0.0,17.2408,0.011576
KMTC01,I,8339.53792,0.0,0.0,17.2105,0.011492
KMTC01,I,8339.55481,0.0,0.0,17.2363,0.012075
KMTC01,I,8339.58241,0.0,0.0,17.2196,0.015093
KMTC01,I,8339.60606,0.0,0.0,17.2245,0.013412
KMTC01,I,8339.62808,0.0,0.0,17.2235,0.012408
KMTC01,I,8339.6456,0.0,0.0,17.2158,0.012075
KMTC01,I,8339.66263,0.0,0.0,17.2136,0.012909
KMTC01,I,8339.69554,0.0,0.0,17.2199,0.012826
KMTC01,I,8339.71255,0.0,0.0,17.2188,0.012909
KMTC01,I,8339.72974,0.0,0.0,17.2144,0.014756
KMTC01,I,8339.73365,0.0,0.0,17.2075,0.014167
KMTC01,I,8339.74926,0.0,0.0,17.228,0.015937
KMTC01,I,8340.46688,0.0,0.0,17.1808,0.033417
KMTC01,I,8340.48415,0.0,0.0,17.2117,0.014335
KMTC01,I,8340.51139,0.0,0.0,17.2333,0.021793
KMTC01,I,8340.52843,0.0,0.0,17.2222,0.012325
KMTC01,I,8340.54933,0.0,0.0,17.228,0.013663
KMTC01,I,8340.56622,0.0,0.0,17.2129,0.013244
KMTC01,I,8340.5836,0.0,0.0,17.2127,0.012075
KMTC01,I,8340.61114,0.0,0.0,17.2218,0.012075
KMTC01,I,8340.62815,0.0,0.0,17.2142,0.013077
KMTC01,I,8340.64707,0.0,0.0,17.2156,0.014167
KMTC01,I,8340.66801,0.0,0.0,17.2542,0.016952
KMTC01,I,8340.68557,0.0,0.0,17.253,0.041989
KMTC01,I,8340.70195,0.0,0.0,17.2187,0.018138
KMTC01,I,8340.72927,0.0,0.0,17.2104,0.014756
KMTC01,I,8340.73077,0.0,0.0,17.2417,0.019836
KMTC01,I,8341.47015,0.0,0.0,17.1909,0.017544
KMTC01,I,8341.48703,0.0,0.0,17.2183,0.014672
KMTC01,I,8341.50461,0.0,0.0,17.2246,0.014335
KMTC01,I,8341.52205,0.0,0.0,17.2168,0.014083
KMTC01,I,8341.53907,0.0,0.0,17.2173,0.013328
KMTC01,I,8341.56733,0.0,0.0,17.2519,0.014335
KMTC01,I,8341.58508,0.0,0.0,17.2225,0.01442
KMTC01,I,8341.60253,0.0,0.0,17.2068,0.012993
KMTC01,I,8341.61957,0.0,0.0,17.233,0.012742
KMTC01,I,8341.63647,0.0,0.0,17.2172,0.011991
KMTC01,I,8341.66557,0.0,0.0,17.2108,0.012158
KMTC01,I,8341.68281,0.0,0.0,17.2226,0.013915
KMTC01,I,8341.69955,0.0,0.0,17.2464,0.013663
KMTC01,I,8341.70897,0.0,0.0,17.227,0.014083
KMTC01,I,8341.72314,0.0,0.0,17.2291,0.01442
KMTC01,I,8342.47197,0.0,0.0,17.2357,0.015177
KMTC01,I,8342.4891,0.0,0.0,17.209,0.013412
KMTC01,I,8342.5063,0.0,0.0,17.2246,0.01358
KMTC01,I,8342.53666,0.0,0.0,17.2187,0.014335
KMTC01,I,8342.55355,0.0,0.0,17.2312,0.013831
KMTC01,I,8342.57072,0.0,0.0,17.237,0.016444
KMTC01,I,8342.59273,0.0,0.0,17.2337,0.012909
KMTC01,I,8342.60973,0.0,0.0,17.2265,0.011825
KMTC01,I,8342.6268,0.0,0.0,17.2197,0.012492
KMTC01,I,8342.65423,0.0,0.0,17.2311,0.013077
KMTC01,I,8342.6725,0.0,0.0,17.2318,0.012826
KMTC01,I,8342.68945,0.0,0.0,17.2178,0.01316
KMTC01,I,8342.70608,0.0,0.0,17.2118,0.013496
KMTC01,I,8342.71776,0.0,0.0,17.2319,0.016021
KMTC01,I,8343.4726,0.0,0.0,17.2306,0.053233
KMTC01,I,8343.49059,0.0,0.0,17.2174,0.021368
KMTC01,I,8343.50727,0.0,0.0,17.2082,0.015093
KMTC01,I,8343.53539,0.0,0.0,17.2301,0.015515
KMTC01,I,8343.55265,0.0,0.0,17.2184,0.012993
KMTC01,I,8343.57408,0.0,0.0,17.2096,0.012826
KMTC01,I,8343.5914,0.0,0.0,17.213,0.012492
KMTC01,I,8343.60867,0.0,0.0,17.2181,0.021879
KMTC01,I,8343.63602,0.0,0.0,17.1776,0.013663
KMTC01,I,8343.6541,0.0,0.0,17.0286,0.059931
KMTC01,I,8343.65545,0.0,0.0,17.2592,0.098
KMTC01,I,8344.47782,0.0,0.0,17.2288,0.013077
KMTC01,I,8344.49519,0.0,0.0,17.2371,0.014925
KMTC01,I,8344.5179,0.0,0.0,17.2065,0.012575
KMTC01,I,8344.55326,0.0,0.0,17.2148,0.012742
KMTC01,I,8344.57024,0.0,0.0,17.2077,0.012325
KMTC01,I,8344.59425,0.0,0.0,17.234,0.011825
KMTC01,I,8344.61105,0.0,0.0,17.2324,0.012241
KMTC01,I,8344.62816,0.0,0.0,17.2282,0.015009
KMTC01,I,8344.65764,0.0,0.0,17.2199,0.014588
KMTC01,I,8344.68636,0.0,0.0,17.1974,0.016275
KMTC01,I,8344.70055,0.0,0.0,17.2131,0.019411
KMTC01,I,8344.71652,0.0,0.0,17.224,0.016275
KMTC01,I,8345.48588,0.0,0.0,17.2111,0.011576
KMTC01,I,8345.5024,0.0,0.0,17.2404,0.013831
KMTC01,I,8345.51864,0.0,0.0,17.2202,0.01442
KMTC01,I,8345.53984,0.0,0.0,17.2336,0.014251
KMTC01,I,8345.57161,0.0,0.0,17.2238,0.014756
KMTC01,I,8345.58901,0.0,0.0,17.2286,0.011742
KMTC01,I,8345.608,0.0,0.0,17.232,0.01484
KMTC01,I,8345.62922,0.0,0.0,17.2235,0.012575
KMTC01,I,8345.64664,0.0,0.0,17.2357,0.013496
KMTC01,I,8345.67419,0.0,0.0,17.2185,0.014504
KMTC01,I,8345.6909,0.0,0.0,17.2193,0.014335
KMTC01,I,8345.70828,0.0,0.0,17.2331,0.012993
KMTC01,I,8345.72004,0.0,0.0,17.2171,0.014504
KMTC01,I,8345.73408,0.0,0.0,17.2133,0.014251
KMTC01,I,8346.46982,0.0,0.0,17.255,0.01729
KMTC01,I,8346.47702,0.0,0.0,17.224,0.013496
KMTC01,I,8346.49389,0.0,0.0,17.2105,0.013328
KMTC01,I,8346.51051,0.0,0.0,17.221,0.011576
KMTC01,I,8346.53859,0.0,0.0,17.2172,0.01358
KMTC01,I,8346.56988,0.0,0.0,17.2156,0.014335
KMTC01,I,8346.58705,0.0,0.0,17.2302,0.01358
KMTC01,I,8346.60389,0.0,0.0,17.2254,0.013915
KMTC01,I,8346.62239,0.0,0.0,17.2269,0.014672
KMTC01,I,8346.63907,0.0,0.0,17.2323,0.013077
KMTC01,I,8346.66676,0.0,0.0,17.213,0.012408
KMTC01,I,8346.684,0.0,0.0,17.2224,0.012742
KMTC01,I,8346.70238,0.0,0.0,17.2234,0.015515
KMTC01,I,8346.7177,0.0,0.0,17.2311,0.016106
KMTC01,I,8346.73144,0.0,0.0,17.2164,0.015768
KMTC01,I,8347.47739,0.0,0.0,17.2375,0.012993
KMTC01,I,8347.49781,0.0,0.0,17.2021,0.011991
KMTC01,I,8347.52606,0.0,0.0,17.2289,0.01358
KMTC01,I,8347.54301,0.0,0.0,17.2426,0.019156
KMTC01,I,8347.55992,0.0,0.0,17.2209,0.01484
KMTC01,I,8347.57693,0.0,0.0,17.2131,0.025461
KMTC01,I,8347.59745,0.0,0.0,17.2224,0.026059
KMTC01,I,8347.62531,0.0,0.0,17.2045,0.013244
KMTC01,I,8347.64581,0.0,0.0,17.2243,0.012575
KMTC01,I,8347.66312,0.0,0.0,17.2304,0.012075
KMTC01,I,8347.67995,0.0,0.0,17.2232,0.01484
KMTC01,I,8347.69914,0.0,0.0,17.2183,0.013412
KMTC01,I,8347.71341,0.0,0.0,17.2178,0.015093
KMTC01,I,8348.48643,0.0,0.0,17.1621,0.059845
KMTC01,I,8348.51548,0.0,0.0,17.4013,0.094819
KMTC01,I,8349.47915,0.0,0.0,17.2175,0.012909
KMTC01,I,8349.49582,0.0,0.0,17.2411,0.011327
KMTC01,I,8349.51296,0.0,0.0,17.2149,0.029308
KMTC01,I,8349.5301,0.0,0.0,17.2308,0.01484
KMTC01,I,8349.55785,0.0,0.0,17.2028,0.018138
KMTC01,I,8349.57497,0.0,0.0,17.208,0.015937
KMTC01,I,8349.59208,0.0,0.0,17.2818,0.03179
KMTC01,I,8349.61853,0.0,0.0,17.1731,0.055465
KMTC01,I,8349.63746,0.0,0.0,17.2642,0.049627
KMTC01,I,8349.66501,0.0,0.0,17.2315,0.013496
KMTC01,I,8349.68187,0.0,0.0,17.2018,0.013831
KMTC01,I,8349.69908,0.0,0.0,17.2415,0.012659
KMTC01,I,8349.70863,0.0,0.0,17.2224,0.01316
KMTC01,I,8350.47888,0.0,0.0,17.2554,0.015684
KMTC01,I,8350.49652,0.0,0.0,17.2412,0.013999
KMTC01,I,8350.5248,0.0,0.0,17.228,0.013328
KMTC01,I,8350.54196,0.0,0.0,17.2149,0.015852
KMTC01,I,8350.55922,0.0,0.0,17.2347,0.016613
KMTC01,I,8350.57679,0.0,0.0,17.2396,0.020261
KMTC01,I,8350.59361,0.0,0.0,17.2337,0.024266
KMTC01,I,8350.61174,0.0,0.0,17.2203,0.015262
KMTC01,I,8350.63999,0.0,0.0,17.2263,0.020006
KMTC01,I,8350.65677,0.0,0.0,17.2315,0.023754
KMTC01,I,8350.67363,0.0,0.0,17.2179,0.01619
KMTC01,I,8350.69035,0.0,0.0,17.2131,0.016698
KMTC01,I,8350.70148,0.0,0.0,17.2065,0.016867
KMTC01,I,8350.71556,0.0,0.0,17.1977,0.016021
KMTC01,I,8351.47625,0.0,0.0,17.2505,0.021197
KMTC01,I,8351.5045,0.0,0.0,17.2167,0.020091
KMTC01,I,8351.52357,0.0,0.0,17.217,0.02512
KMTC01,I,8351.54892,0.0,0.0,17.2281,0.020261
KMTC01,I,8351.56566,0.0,0.0,17.2173,0.021538
KMTC01,I,8351.58212,0.0,0.0,17.2463,0.025718
KMTC01,I,8351.60926,0.0,0.0,17.1756,0.023413
KMTC01,I,8351.62587,0.0,0.0,17.2414,0.02401
KMTC01,I,8351.64628,0.0,0.0,17.2398,0.027854
KMTC01,I,8351.66946,0.0,0.0,17.2726,0.028282
KMTC01,I,8351.6863,0.0,0.0,17.2162,0.026999
KMTC01,I,8351.70111,0.0,0.0,17.2574,0.029308
KMTC01,I,8352.48548,0.0,0.0,17.2346,0.017121
KMTC01,I,8352.50284,0.0,0.0,17.2074,0.019241
KMTC01,I,8352.52035,0.0,0.0,17.2074,0.016106
KMTC01,I,8352.53992,0.0,0.0,17.2199,0.017714
KMTC01,I,8352.55711,0.0,0.0,17.2165,0.020942
KMTC01,I,8352.57375,0.0,0.0,17.2103,0.017629
KMTC01,I,8352.60164,0.0,0.0,17.1788,0.033074
KMTC01,I,8352.6185,0.0,0.0,17.1797,0.034959
KMTC01,I,8352.63522,0.0,0.0,17.2617,0.027769
KMTC01,I,8352.65218,0.0,0.0,17.1482,0.037444
KMTC01,I,8352.66921,0.0,0.0,17.177,0.026828
KMTC01,I,8352.6863,0.0,0.0,17.0905,0.072216
KMTC01,I,8352.70101,0.0,0.0,17.2291,0.025376
KMTC01,I,8354.51034,0.0,0.0,17.2532,0.030335
KMTC01,I,8354.52776,0.0,0.0,17.2649,0.024522
KMTC01,I,8354.54696,0.0,0.0,17.2453,0.028795
KMTC01,I,8354.56427,0.0,0.0,17.2345,0.026486
KMTC01,I,8354.58122,0.0,0.0,17.2606,0.028709
KMTC01,I,8354.60875,0.0,0.0,17.2616,0.025974
KMTC01,I,8354.62617,0.0,0.0,17.2214,0.024095
KMTC01,I,8354.64335,0.0,0.0,17.2265,0.029907
KMTC01,I,8354.66211,0.0,0.0,17.2106,0.031619
KMTC01,I,8355.47371,0.0,0.0,17.2221,0.019496
KMTC01,I,8355.50108,0.0,0.0,17.2214,0.01484
KMTC01,I,8355.51807,0.0,0.0,17.213,0.022305
KMTC01,I,8355.53562,0.0,0.0,17.2083,0.018817
KMTC01,I,8355.55378,0.0,0.0,17.2492,0.018223
KMTC01,I,8355.57063,0.0,0.0,17.2532,0.018138
KMTC01,I,8355.58798,0.0,0.0,17.2461,0.018817
KMTC01,I,8355.61719,0.0,0.0,17.2196,0.015009
KMTC01,I,8355.63424,0.0,0.0,17.2195,0.014672
KMTC01,I,8355.65104,0.0,0.0,17.2165,0.015599
KMTC01,I,8355.66822,0.0,0.0,17.2271,0.028453
KMTC01,I,8355.68489,0.0,0.0,17.2125,0.01729
KMTC01,I,8355.6993,0.0,0.0,17.2166,0.018223
KMTC01,I,8356.47942,0.0,0.0,17.2324,0.018817
KMTC01,I,8356.50927,0.0,0.0,17.22,0.015852
KMTC01,I,8356.52628,0.0,0.0,17.2208,0.01543
KMTC01,I,8356.54377,0.0,0.0,17.2225,0.014167
KMTC01,I,8356.56104,0.0,0.0,17.2422,0.013915
KMTC01,I,8356.57826,0.0,0.0,17.2285,0.015177
KMTC01,I,8356.6058,0.0,0.0,17.2107,0.015515
KMTC01,I,8356.62277,0.0,0.0,17.2234,0.015262
KMTC01,I,8356.63999,0.0,0.0,17.2184,0.01746
KMTC01,I,8356.65666,0.0,0.0,17.2231,0.018053
KMTC01,I,8356.67062,0.0,0.0,17.2225,0.018223
KMTC01,I,8356.68503,0.0,0.0,17.2124,0.017968
KMTC01,I,8357.48112,0.0,0.0,17.225,0.01484
KMTC01,I,8357.50897,0.0,0.0,17.2289,0.016613
KMTC01,I,8357.53672,0.0,0.0,17.2039,0.012742
KMTC01,I,8357.55813,0.0,0.0,17.2519,0.013663
KMTC01,I,8357.57562,0.0,0.0,17.2228,0.015346
KMTC01,I,8357.59272,0.0,0.0,17.2448,0.013244
KMTC01,I,8357.6116,0.0,0.0,17.2466,0.019326
KMTC01,I,8357.63937,0.0,0.0,17.2264,0.015177
KMTC01,I,8357.6564,0.0,0.0,17.2391,0.015515
KMTC01,I,8357.67368,0.0,0.0,17.2482,0.01729
KMTC01,I,8357.67658,0.0,0.0,17.1873,0.017206
KMTC01,I,8357.69091,0.0,0.0,17.2224,0.019666
KMTC01,I,8358.4745,0.0,0.0,17.209,0.015684
KMTC01,I,8358.49502,0.0,0.0,17.2326,0.019326
KMTC01,I,8358.5138,0.0,0.0,17.2342,0.015346
KMTC01,I,8358.54131,0.0,0.0,17.2394,0.024608
KMTC01,I,8358.55835,0.0,0.0,17.2301,0.012408
KMTC01,I,8358.57617,0.0,0.0,17.2298,0.012325
KMTC01,I,8358.59323,0.0,0.0,17.2471,0.012158
KMTC01,I,8358.61021,0.0,0.0,17.2416,0.013663
KMTC01,I,8358.64078,0.0,0.0,17.2196,0.013077
KMTC01,I,8358.65789,0.0,0.0,17.2511,0.01358
KMTC01,I,8358.66508,0.0,0.0,17.213,0.013831
KMTC01,I,8358.67995,0.0,0.0,17.2144,0.013747
KMTC01,I,8359.47114,0.0,0.0,17.1953,0.018392
KMTC01,I,8359.48827,0.0,0.0,17.2188,0.011576
KMTC01,I,8359.5055,0.0,0.0,17.2401,0.011742
KMTC01,I,8359.52583,0.0,0.0,17.2328,0.012909
KMTC01,I,8359.5432,0.0,0.0,17.2262,0.012158
KMTC01,I,8359.57788,0.0,0.0,17.2345,0.014083
KMTC01,I,8359.595,0.0,0.0,17.2239,0.012826
KMTC01,I,8359.6122,0.0,0.0,17.2487,0.012575
KMTC01,I,8359.6295,0.0,0.0,17.2167,0.01316
KMTC01,I,8359.6464,0.0,0.0,17.2319,0.012492
KMTC01,I,8359.67661,0.0,0.0,17.208,0.013747
KMTC01,I,8359.68239,0.0,0.0,17.2168,0.01358
KMTC01,I,8359.69828,0.0,0.0,17.2362,0.015009
KMTC01,I,8360.47445,0.0,0.0,17.216,0.012742
KMTC01,I,8360.49144,0.0,0.0,17.2328,0.011161
KMTC01,I,8360.50801,0.0,0.0,17.2296,0.011492
KMTC01,I,8360.52627,0.0,0.0,17.2006,0.013747
KMTC01,I,8360.5432,0.0,0.0,17.206,0.011742
KMTC01,I,8360.57975,0.0,0.0,17.2278,0.011742
KMTC01,I,8360.5987,0.0,0.0,17.2289,0.012325
KMTC01,I,8360.61671,0.0,0.0,17.2349,0.012241
KMTC01,I,8360.63327,0.0,0.0,17.2484,0.013999
KMTC01,I,8360.65067,0.0,0.0,17.24,0.014672
KMTC01,I,8360.67665,0.0,0.0,17.2639,0.01543
KMTC01,I,8360.69081,0.0,0.0,17.2208,0.014756
KMTC01,I,8361.60007,0.0,0.0,17.2061,0.017206
KMTC01,I,8361.61686,0.0,0.0,17.2009,0.01746
KMTC01,I,8361.63694,0.0,0.0,17.2276,0.019836
KMTC01,I,8361.66712,0.0,0.0,17.2203,0.020602
KMTC01,I,8361.6772,0.0,0.0,17.2682,0.03179
KMTC01,I,8362.64863,0.0,0.0,17.2201,0.021283
KMTC01,I,8362.66588,0.0,0.0,17.2747,0.023925
KMTC01,I,8362.67728,0.0,0.0,17.1887,0.019836
KMTC01,I,8362.69171,0.0,0.0,17.1986,0.01729
KMTC01,I,8363.49809,0.0,0.0,17.2257,0.014925
KMTC01,I,8363.5155,0.0,0.0,17.224,0.015599
KMTC01,I,8363.53258,0.0,0.0,17.2328,0.012241
KMTC01,I,8363.54982,0.0,0.0,17.2117,0.013412
KMTC01,I,8363.56902,0.0,0.0,17.2402,0.011327
KMTC01,I,8363.59667,0.0,0.0,17.2438,0.011409
KMTC01,I,8363.61343,0.0,0.0,17.2309,0.011161
KMTC01,I,8363.63193,0.0,0.0,17.2528,0.011991
KMTC01,I,8363.64852,0.0,0.0,17.2042,0.011659
KMTC01,I,8363.66604,0.0,0.0,17.2101,0.011825
KMTC01,I,8363.66948,0.0,0.0,17.2149,0.012241
KMTC01,I,8363.6835,0.0,0.0,17.2127,0.01543
KMTC01,I,8364.4733,0.0,0.0,17.2308,0.020517
KMTC01,I,8364.50296,0.0,0.0,17.2299,0.013747
KMTC01,I,8364.52069,0.0,0.0,17.2195,0.014083
KMTC01,I,8364.53768,0.0,0.0,17.2208,0.013496
KMTC01,I,8364.55454,0.0,0.0,17.2323,0.014504
KMTC01,I,8364.57112,0.0,0.0,17.2209,0.014167
KMTC01,I,8364.60136,0.0,0.0,17.2031,0.014756
KMTC01,I,8364.61982,0.0,0.0,17.2033,0.015599
KMTC01,I,8364.63704,0.0,0.0,17.2311,0.016444
KMTC01,I,8364.65421,0.0,0.0,17.2203,0.015768
KMTC01,I,8364.66529,0.0,0.0,17.2388,0.017714
KMTC01,I,8364.6798,0.0,0.0,17.2348,0.015093
KMTC01,I,8365.4761,0.0,0.0,17.2202,0.019241
KMTC01,I,8365.49762,0.0,0.0,17.205,0.016782
KMTC01,I,8365.49926,0.0,0.0,17.2173,0.018817
KMTC01,I,8365.51601,0.0,0.0,17.2187,0.015599
KMTC01,I,8365.54369,0.0,0.0,17.2213,0.014588
KMTC01,I,8365.56064,0.0,0.0,17.2452,0.01442
KMTC01,I,8365.57747,0.0,0.0,17.2339,0.015093
KMTC01,I,8365.59433,0.0,0.0,17.2276,0.013412
KMTC01,I,8365.61087,0.0,0.0,17.2206,0.016698
KMTC01,I,8365.6388,0.0,0.0,17.2415,0.016782
KMTC01,I,8365.65296,0.0,0.0,17.2353,0.015852
KMTC01,I,8365.6673,0.0,0.0,17.2318,0.022646
KMTC01,I,8366.48373,0.0,0.0,17.2384,0.016275
KMTC01,I,8366.50093,0.0,0.0,17.2219,0.014083
KMTC01,I,8366.52782,0.0,0.0,17.2174,0.017714
KMTC01,I,8366.54518,0.0,0.0,17.2238,0.016529
KMTC01,I,8366.57264,0.0,0.0,17.2234,0.014167
KMTC01,I,8366.58921,0.0,0.0,17.2004,0.014083
KMTC01,I,8366.60642,0.0,0.0,17.2219,0.015768
KMTC01,I,8366.62339,0.0,0.0,17.2384,0.014925
KMTC01,I,8366.64005,0.0,0.0,17.2134,0.014167
KMTC01,I,8366.64987,0.0,0.0,17.2156,0.015262
KMTC01,I,8366.66439,0.0,0.0,17.2277,0.015684
KMTC01,I,8367.49964,0.0,0.0,17.2141,0.019156
KMTC01,I,8367.51686,0.0,0.0,17.2342,0.011742
KMTC01,I,8367.5343,0.0,0.0,17.2304,0.01442
KMTC01,I,8367.55105,0.0,0.0,17.2136,0.013244
KMTC01,I,8367.5678,0.0,0.0,17.2108,0.013747
KMTC01,I,8367.58491,0.0,0.0,17.2283,0.013412
KMTC01,I,8367.62406,0.0,0.0,17.2157,0.015768
KMTC01,I,8367.63841,0.0,0.0,17.2322,0.01746
KMTC01,I,8367.65291,0.0,0.0,17.2237,0.016021
KMTC01,I,8368.48702,0.0,0.0,17.2148,0.013747
KMTC01,I,8368.504,0.0,0.0,17.2356,0.014925
KMTC01,I,8368.5204,0.0,0.0,17.2177,0.012993
KMTC01,I,8368.54895,0.0,0.0,17.2331,0.013663
KMTC01,I,8368.57672,0.0,0.0,17.2181,0.012575
KMTC01,I,8368.59401,0.0,0.0,17.2116,0.014251
KMTC01,I,8368.61924,0.0,0.0,17.2518,0.015262
KMTC01,I,8368.63659,0.0,0.0,17.2193,0.015177
KMTC01,I,8368.64622,0.0,0.0,17.2131,0.015599
KMTC01,I,8368.6608,0.0,0.0,17.1999,0.017883
KMTC01,I,8369.49092,0.0,0.0,17.2223,0.011576
KMTC01,I,8369.5183,0.0,0.0,17.2383,0.013663
KMTC01,I,8369.5352,0.0,0.0,17.2255,0.011659
KMTC01,I,8369.55245,0.0,0.0,17.2353,0.012659
KMTC01,I,8369.56929,0.0,0.0,17.226,0.012492
KMTC01,I,8369.58634,0.0,0.0,17.2099,0.012158
KMTC01,I,8369.61565,0.0,0.0,17.2318,0.01316
KMTC01,I,8369.63912,0.0,0.0,17.2062,0.015262
KMTC01,I,8369.65358,0.0,0.0,17.2068,0.014672
KMTC01,I,8370.49081,0.0,0.0,17.2132,0.012659
KMTC01,I,8370.50806,0.0,0.0,17.2245,0.01442
KMTC01,I,8370.52479,0.0,0.0,17.2205,0.012575
KMTC01,I,8370.55936,0.0,0.0,17.2195,0.013412
KMTC01,I,8370.5868,0.0,0.0,17.2259,0.013999
KMTC01,I,8370.60438,0.0,0.0,17.21,0.013244
KMTC01,I,8370.62115,0.0,0.0,17.2167,0.013915
KMTC01,I,8370.63258,0.0,0.0,17.2308,0.01358
KMTC01,I,8370.64692,0.0,0.0,17.2079,0.015009
KMTC01,I,8371.48492,0.0,0.0,17.243,0.012909
KMTC01,I,8371.50171,0.0,0.0,17.2091,0.012993
KMTC01,I,8371.53017,0.0,0.0,17.2026,0.013915
KMTC01,I,8371.54943,0.0,0.0,17.2296,0.01442
KMTC01,I,8371.56654,0.0,0.0,17.2267,0.014083
KMTC01,I,8371.58574,0.0,0.0,17.2275,0.014925
KMTC01,I,8371.60305,0.0,0.0,17.2306,0.015937
KMTC01,I,8371.63128,0.0,0.0,17.2077,0.013496
KMTC01,I,8371.63399,0.0,0.0,17.2383,0.01484
KMTC01,I,8371.65141,0.0,0.0,17.2332,0.017121
KMTC01,I,8372.48394,0.0,0.0,17.2217,0.015515
KMTC01,I,8372.50475,0.0,0.0,17.2193,0.013663
KMTC01,I,8372.52169,0.0,0.0,17.2019,0.014167
KMTC01,I,8372.54624,0.0,0.0,17.246,0.013412
KMTC01,I,8372.57434,0.0,0.0,17.2024,0.012575
KMTC01,I,8372.59122,0.0,0.0,17.2206,0.016275
KMTC01,I,8372.62284,0.0,0.0,17.2139,0.014672
KMTC01,I,8372.62914,0.0,0.0,17.1869,0.019581
KMTC01,I,8372.64353,0.0,0.0,17.2157,0.017968
KMTC01,I,8373.48915,0.0,0.0,17.2125,0.021197
KMTC01,I,8373.50658,0.0,0.0,17.22,0.015599
KMTC01,I,8373.52341,0.0,0.0,17.2182,0.014251
KMTC01,I,8373.54107,0.0,0.0,17.211,0.013077
KMTC01,I,8373.55813,0.0,0.0,17.1919,0.018732
KMTC01,I,8373.58556,0.0,0.0,17.2525,0.01619
KMTC01,I,8373.60298,0.0,0.0,17.2231,0.017629
KMTC01,I,8373.62023,0.0,0.0,17.2279,0.013999
KMTC01,I,8373.62987,0.0,0.0,17.2328,0.016106
KMTC01,I,8373.64417,0.0,0.0,17.2041,0.014925
KMTC01,I,8375.49068,0.0,0.0,17.2187,0.013496
KMTC01,I,8375.50778,0.0,0.0,17.2369,0.013663
KMTC01,I,8375.52519,0.0,0.0,17.213,0.013663
KMTC01,I,8375.55276,0.0,0.0,17.2125,0.013999
KMTC01,I,8375.57001,0.0,0.0,17.2287,0.013412
KMTC01,I,8375.5869,0.0,0.0,17.2112,0.012575
KMTC01,I,8375.6042,0.0,0.0,17.2282,0.013077
KMTC01,I,8375.61379,0.0,0.0,17.2306,0.012826
KMTC01,I,8375.62835,0.0,0.0,17.2277,0.013915
KMTC01,I,8376.4835,0.0,0.0,17.2185,0.019326
KMTC01,I,8376.50274,0.0,0.0,17.2248,0.020857
KMTC01,I,8376.53047,0.0,0.0,17.2212,0.014756
KMTC01,I,8376.55832,0.0,0.0,17.2103,0.014672
KMTC01,I,8376.57533,0.0,0.0,17.2155,0.017206
KMTC01,I,8376.59242,0.0,0.0,17.2158,0.017375
KMTC01,I,8376.60942,0.0,0.0,17.2054,0.01543
KMTC01,I,8376.62612,0.0,0.0,17.2135,0.016021
KMTC01,I,8376.63994,0.0,0.0,17.2188,0.013412
KMTC01,I,8377.48187,0.0,0.0,17.2364,0.017036
KMTC01,I,8377.49875,0.0,0.0,17.2182,0.017206
KMTC01,I,8377.52639,0.0,0.0,17.2332,0.018223
KMTC01,I,8377.54363,0.0,0.0,17.2553,0.017714
KMTC01,I,8377.56087,0.0,0.0,17.2166,0.016106
KMTC01,I,8377.57757,0.0,0.0,17.2103,0.013999
KMTC01,I,8377.59451,0.0,0.0,17.2285,0.015515
KMTC01,I,8377.62668,0.0,0.0,17.2209,0.017883
KMTC01,I,8377.64076,0.0,0.0,17.2132,0.016275
KMTC01,I,8378.50888,0.0,0.0,17.2378,0.015515
KMTC01,I,8378.52627,0.0,0.0,17.2272,0.020517
KMTC01,I,8378.54349,0.0,0.0,17.2248,0.016952
KMTC01,I,8378.56003,0.0,0.0,17.2326,0.016613
KMTC01,I,8378.58161,0.0,0.0,17.2378,0.021453
KMTC01,I,8378.61175,0.0,0.0,17.2243,0.017799
KMTC01,I,8378.6206,0.0,0.0,17.2415,0.017883
KMTC01,I,8378.63484,0.0,0.0,17.1645,0.018223
KMTC01,I,8379.48956,0.0,0.0,17.2728,0.136687
KMTC01,I,8379.52557,0.0,0.0,17.1939,0.021623
KMTC01,I,8379.54252,0.0,0.0,17.2345,0.020942
KMTC01,I,8379.55948,0.0,0.0,17.2003,0.021879
KMTC01,I,8379.58727,0.0,0.0,17.2123,0.02256
KMTC01,I,8379.60447,0.0,0.0,17.2294,0.02512
KMTC01,I,8379.6219,0.0,0.0,17.2335,0.027341
KMTC01,I,8379.63629,0.0,0.0,17.253,0.024693
KMTC01,I,8380.49514,0.0,0.0,17.0617,0.11932
KMTC01,I,8380.51251,0.0,0.0,17.2332,0.090436
KMTC01,I,8380.54705,0.0,0.0,17.2291,0.035216
KMTC01,I,8380.57588,0.0,0.0,17.191,0.015768
KMTC01,I,8380.59251,0.0,0.0,17.1912,0.017968
KMTC01,I,8380.60977,0.0,0.0,17.2378,0.016952
KMTC01,I,8380.61122,0.0,0.0,17.2207,0.018307
KMTC01,I,8380.63183,0.0,0.0,17.2226,0.03753
KMTC01,I,8381.48203,0.0,0.0,17.014,0.120437
KMTC01,I,8381.51603,0.0,0.0,17.2945,0.134365
KMTC01,I,8382.48953,0.0,0.0,17.238,0.01442
KMTC01,I,8382.50738,0.0,0.0,17.2121,0.014083
KMTC01,I,8382.52457,0.0,0.0,17.2254,0.013999
KMTC01,I,8382.54163,0.0,0.0,17.2027,0.017544
KMTC01,I,8382.57438,0.0,0.0,17.2312,0.014588
KMTC01,I,8382.59128,0.0,0.0,17.2291,0.015852
KMTC01,I,8382.60852,0.0,0.0,17.2215,0.01619
KMTC01,I,8382.61467,0.0,0.0,17.2348,0.019666
KMTC01,I,8382.62879,0.0,0.0,17.2471,0.016613
KMTC01,I,8383.47774,0.0,0.0,17.1994,0.020602
KMTC01,I,8383.49634,0.0,0.0,17.2192,0.014925
KMTC01,I,8383.51359,0.0,0.0,17.2178,0.01442
KMTC01,I,8383.5413,0.0,0.0,17.2354,0.013496
KMTC01,I,8383.55826,0.0,0.0,17.2304,0.015515
KMTC01,I,8383.58162,0.0,0.0,17.2223,0.015852
KMTC01,I,8383.59905,0.0,0.0,17.2309,0.016698
KMTC01,I,8383.61616,0.0,0.0,17.2028,0.017121
KMTC01,I,8384.49337,0.0,0.0,17.2341,0.012993
KMTC01,I,8384.51107,0.0,0.0,17.2392,0.013915
KMTC01,I,8384.53899,0.0,0.0,17.2216,0.013328
KMTC01,I,8384.55776,0.0,0.0,17.2229,0.014167
KMTC01,I,8384.57489,0.0,0.0,17.2263,0.015684
KMTC01,I,8384.59644,0.0,0.0,17.2119,0.015768
KMTC01,I,8384.61366,0.0,0.0,17.1954,0.016698
KMTC01,I,8384.62959,0.0,0.0,17.1786,0.021368
KMTC01,I,8385.49067,0.0,0.0,17.2219,0.012993
KMTC01,I,8385.52352,0.0,0.0,17.2385,0.024095
KMTC01,I,8385.54063,0.0,0.0,17.2186,0.018562
KMTC01,I,8385.55829,0.0,0.0,17.2152,0.014251
KMTC01,I,8385.57577,0.0,0.0,17.2086,0.016021
KMTC01,I,8385.5927,0.0,0.0,17.2068,0.015262
KMTC01,I,8385.60655,0.0,0.0,17.2333,0.018647
KMTC01,I,8385.6205,0.0,0.0,17.29,0.028282
KMTC01,I,8386.49938,0.0,0.0,17.2343,0.019156
KMTC01,I,8386.51656,0.0,0.0,17.2421,0.016867
KMTC01,I,8386.53391,0.0,0.0,17.2337,0.013663
KMTC01,I,8386.55147,0.0,0.0,17.1853,0.044134
KMTC01,I,8386.57565,0.0,0.0,17.207,0.018562
KMTC01,I,8386.60372,0.0,0.0,17.2019,0.016782
KMTC01,I,8386.61773,0.0,0.0,17.2088,0.017629
KMTC01,I,8387.49059,0.0,0.0,17.2248,0.015599
KMTC01,I,8387.51834,0.0,0.0,17.1937,0.041389
KMTC01,I,8387.53579,0.0,0.0,17.2007,0.034873
KMTC01,I,8387.56218,0.0,0.0,16.7678,0.14219
KMTC01,I,8387.58491,0.0,0.0,17.1412,0.071271
KMTC01,I,8390.5139,0.0,0.0,17.2491,0.013831
KMTC01,I,8390.53274,0.0,0.0,17.2039,0.026486
KMTC01,I,8390.55004,0.0,0.0,17.2283,0.014251
KMTC01,I,8390.567,0.0,0.0,17.2195,0.016782
KMTC01,I,8390.57571,0.0,0.0,17.1969,0.016275
KMTC01,I,8390.59005,0.0,0.0,17.2402,0.015599
KMTC01,I,8392.4817,0.0,0.0,17.2417,0.076513
KMTC01,I,8392.55047,0.0,0.0,17.1988,0.105221
KMTC01,I,8392.56781,0.0,0.0,17.2419,0.071959
KMTC01,I,8392.57927,0.0,0.0,17.2254,0.02512
KMTC01,I,8393.49773,0.0,0.0,17.2166,0.013244
KMTC01,I,8393.51504,0.0,0.0,17.2254,0.013077
KMTC01,I,8393.54821,0.0,0.0,17.2134,0.015515
KMTC01,I,8393.56574,0.0,0.0,17.2265,0.013412
KMTC01,I,8393.58258,0.0,0.0,17.2281,0.013077
KMTC01,I,8393.58698,0.0,0.0,17.2232,0.012492
KMTC01,I,8393.60091,0.0,0.0,17.2103,0.012659
KMTC01,I,8394.48232,0.0,0.0,17.2274,0.015177
KMTC01,I,8394.50048,0.0,0.0,17.2185,0.012742
KMTC01,I,8394.51788,0.0,0.0,17.1821,0.012325
KMTC01,I,8394.53521,0.0,0.0,17.2207,0.012659
KMTC01,I,8394.56536,0.0,0.0,17.2234,0.012659
KMTC01,I,8394.58008,0.0,0.0,17.2149,0.013412
KMTC01,I,8394.59502,0.0,0.0,17.2188,0.014083
KMTC01,I,8395.5325,0.0,0.0,17.2143,0.021793
KMTC01,I,8395.54959,0.0,0.0,17.2475,0.020857
KMTC01,I,8395.56697,0.0,0.0,17.2384,0.062336
KMTC01,I,8395.57745,0.0,0.0,17.4503,0.107542
KMTC01,I,8396.5196,0.0,0.0,17.1281,0.043962
KMTC01,I,8396.54835,0.0,0.0,17.204,0.019581
KMTC01,I,8396.5653,0.0,0.0,17.2074,0.018392
KMTC01,I,8396.57644,0.0,0.0,17.2021,0.021453
KMTC01,I,8396.59069,0.0,0.0,17.223,0.019921
KMTC01,I,8397.48915,0.0,0.0,17.1814,0.014504
KMTC01,I,8397.50738,0.0,0.0,17.2135,0.015346
KMTC01,I,8397.52419,0.0,0.0,17.1983,0.013831
KMTC01,I,8397.55277,0.0,0.0,17.2366,0.013328
KMTC01,I,8397.56948,0.0,0.0,17.2098,0.013328
KMTC01,I,8397.57382,0.0,0.0,17.2144,0.013999
KMTC01,I,8397.58802,0.0,0.0,17.1963,0.014251
KMTC01,I,8398.53366,0.0,0.0,17.2204,0.012826
KMTC01,I,8398.55083,0.0,0.0,17.1965,0.013077
KMTC01,I,8398.57061,0.0,0.0,17.2068,0.015262
KMTC01,I,8398.58476,0.0,0.0,17.199,0.014167
KMTC01,I,8401.56596,0.0,0.0,17.197,0.014588
KMTC01,I,8401.57987,0.0,0.0,17.2044,0.013915
KMTC01,I,8404.4962,0.0,0.0,17.1937,0.020687
KMTC01,I,8404.51665,0.0,0.0,17.1772,0.020261
KMTC01,I,8404.53778,0.0,0.0,17.1843,0.016698
KMTC01,I,8404.55216,0.0,0.0,17.2256,0.019581
KMTC01,I,8405.52682,0.0,0.0,17.1712,0.037787
KMTC01,I,8405.54791,0.0,0.0,17.0117,0.108487
KMTC01,I,8405.55271,0.0,0.0,17.0671,0.075997
KMTC01,I,8406.48663,0.0,0.0,17.1764,0.027085
KMTC01,I,8406.50346,0.0,0.0,17.2112,0.018902
KMTC01,I,8406.52053,0.0,0.0,17.2176,0.020261
KMTC01,I,8406.53784,0.0,0.0,17.1736,0.020346
KMTC01,I,8406.54476,0.0,0.0,17.206,0.020091
KMTC01,I,8406.55917,0.0,0.0,17.2355,0.027085
KMTC01,I,8407.48703,0.0,0.0,17.2028,0.017629
KMTC01,I,8407.50413,0.0,0.0,17.2046,0.032132
KMTC01,I,8407.53143,0.0,0.0,17.1932,0.020346
KMTC01,I,8407.54705,0.0,0.0,17.2301,0.017206
KMTC01,I,8407.56492,0.0,0.0,17.2126,0.021964
KMTC01,I,8408.50482,0.0,0.0,17.1975,0.015262
KMTC01,I,8408.52252,0.0,0.0,17.2058,0.016275
KMTC01,I,8408.53983,0.0,0.0,17.2179,0.016867
KMTC01,I,8408.55479,0.0,0.0,17.2175,0.018562
KMTC01,I,8409.49554,0.0,0.0,17.1985,0.01729
KMTC01,I,8409.5125,0.0,0.0,17.2137,0.016613
KMTC01,I,8409.54263,0.0,0.0,17.1859,0.014504
KMTC01,I,8409.54558,0.0,0.0,17.2177,0.01543
KMTC01,I,8409.55989,0.0,0.0,17.2089,0.015262
KMTC01,I,8410.49867,0.0,0.0,17.1772,0.023584
KMTC01,I,8410.51582,0.0,0.0,17.1723,0.023242
KMTC01,I,8410.5242,0.0,0.0,17.1944,0.018732
KMTC01,I,8410.54263,0.0,0.0,17.1998,0.016782
KMTC01,I,8411.48762,0.0,0.0,17.17,0.027769
KMTC01,I,8411.50455,0.0,0.0,17.194,0.016782
KMTC01,I,8411.52136,0.0,0.0,17.197,0.017544
KMTC01,I,8411.53521,0.0,0.0,17.1981,0.01746
KMTC01,I,8412.49581,0.0,0.0,17.1981,0.01619
KMTC01,I,8412.5128,0.0,0.0,17.2013,0.016021
KMTC01,I,8412.52932,0.0,0.0,17.2236,0.016106
KMTC01,I,8412.54357,0.0,0.0,17.2277,0.016106
KMTC42,I,8170.85514,0.0,0.0,17.223679,0.012865
KMTC42,I,8170.87998,0.0,0.0,17.217224,0.013818
KMTC42,I,8171.842,0.0,0.0,17.214656,0.013591
KMTC42,I,8171.86969,0.0,0.0,17.220949,0.017337
KMTC42,I,8172.85903,0.0,0.0,17.207941,0.014313
KMTC42,I,8172.8764,0.0,0.0,17.227399,0.016217
KMTC42,I,8172.89349,0.0,0.0,17.225002,0.012551
KMTC42,I,8173.83921,0.0,0.0,17.246042,0.019524
KMTC42,I,8173.87176,0.0,0.0,17.218135,0.015069
KMTC42,I,8173.90572,0.0,0.0,17.232025,0.128277
KMTC42,I,8174.82953,0.0,0.0,17.197064,0.014342
KMTC42,I,8174.85576,0.0,0.0,17.221611,0.012948
KMTC42,I,8174.87287,0.0,0.0,17.233181,0.017296
KMTC42,I,8174.89235,0.0,0.0,17.228556,0.01332
KMTC42,I,8175.82248,0.0,0.0,17.217389,0.012257
KMTC42,I,8175.8439,0.0,0.0,17.216893,0.012181
KMTC42,I,8175.86813,0.0,0.0,17.241429,0.015001
KMTC42,I,8175.88893,0.0,0.0,17.224836,0.026233
KMTC42,I,8176.82776,0.0,0.0,17.230621,0.014407
KMTC42,I,8176.84759,0.0,0.0,17.214242,0.013435
KMTC42,I,8176.86397,0.0,0.0,17.239945,0.013524
KMTC42,I,8176.89502,0.0,0.0,17.219956,0.013499
KMTC42,I,8177.82752,0.0,0.0,17.195151,0.044373
KMTC42,I,8177.87489,0.0,0.0,17.235409,0.015175
KMTC42,I,8178.82385,0.0,0.0,17.229547,0.016837
KMTC42,I,8178.84945,0.0,0.0,17.244478,0.014524
KMTC42,I,8178.88038,0.0,0.0,17.219707,0.012875
KMTC42,I,8178.9028,0.0,0.0,17.229465,0.016838
KMTC42,I,8179.82988,0.0,0.0,17.263797,0.019299
KMTC42,I,8179.84703,0.0,0.0,17.203626,0.014875
KMTC42,I,8179.86463,0.0,0.0,17.226407,0.01528
KMTC42,I,8179.88365,0.0,0.0,17.219376,0.014673
KMTC42,I,8179.90552,0.0,0.0,17.245466,0.021331
KMTC42,I,8180.81394,0.0,0.0,17.197812,0.016939
KMTC42,I,8180.84327,0.0,0.0,17.206199,0.014475
KMTC42,I,8180.86047,0.0,0.0,17.210512,0.013758
KMTC42,I,8180.87733,0.0,0.0,17.224009,0.012475
KMTC42,I,8180.89648,0.0,0.0,17.193904,0.012547
KMTC42,I,8181.83114,0.0,0.0,17.22558,0.013172
KMTC42,I,8181.85503,0.0,0.0,17.231777,0.01378
KMTC42,I,8181.87357,0.0,0.0,17.239698,0.011508
KMTC42,I,8181.89075,0.0,0.0,17.234997,0.012759
KMTC42,I,8181.90987,0.0,0.0,17.202464,0.018424
KMTC42,I,8182.80523,0.0,0.0,17.229547,0.016132
KMTC42,I,8182.82194,0.0,0.0,17.221776,0.01498
KMTC42,I,8182.85507,0.0,0.0,17.225332,0.013017
KMTC42,I,8182.87501,0.0,0.0,17.213579,0.01422
KMTC42,I,8182.89689,0.0,0.0,17.234501,0.01596
KMTC42,I,8183.81436,0.0,0.0,17.22682,0.015357
KMTC42,I,8183.8324,0.0,0.0,17.243489,0.013437
KMTC42,I,8183.86882,0.0,0.0,17.219211,0.012098
KMTC42,I,8183.88591,0.0,0.0,17.225746,0.012316
KMTC42,I,8183.90452,0.0,0.0,17.214822,0.013825
KMTC42,I,8184.80792,0.0,0.0,17.205535,0.019598
KMTC42,I,8184.82454,0.0,0.0,17.230208,0.022971
KMTC42,I,8184.84538,0.0,0.0,17.21888,0.019076
KMTC42,I,8184.86897,0.0,0.0,17.25279,0.019498
KMTC42,I,8184.87167,0.0,0.0,17.20155,0.016218
KMTC42,I,8184.89006,0.0,0.0,17.220287,0.014514
KMTC42,I,8184.9089,0.0,0.0,17.210015,0.01761
KMTC42,I,8185.79584,0.0,0.0,17.235079,0.016428
KMTC42,I,8185.81605,0.0,0.0,17.228143,0.018963
KMTC42,I,8185.83679,0.0,0.0,17.220618,0.014435
KMTC42,I,8185.8611,0.0,0.0,17.223431,0.014193
KMTC42,I,8185.87882,0.0,0.0,17.242748,0.015778
KMTC42,I,8185.89572,0.0,0.0,17.23219,0.016986
KMTC42,I,8186.80988,0.0,0.0,17.263633,0.023916
KMTC42,I,8186.82669,0.0,0.0,17.219376,0.01931
KMTC42,I,8186.86286,0.0,0.0,17.224754,0.016304
KMTC42,I,8186.88347,0.0,0.0,17.228556,0.018804
KMTC42,I,8186.90061,0.0,0.0,17.24011,0.021511
KMTC42,I,8187.80549,0.0,0.0,17.242088,0.019147
KMTC42,I,8187.82237,0.0,0.0,17.235739,0.02208
KMTC42,I,8187.85669,0.0,0.0,17.264618,0.020624
KMTC42,I,8187.87358,0.0,0.0,17.244313,0.016789
KMTC42,I,8187.8907,0.0,0.0,17.249253,0.019198
KMTC42,I,8187.90828,0.0,0.0,17.216644,0.019794
KMTC42,I,8188.79732,0.0,0.0,17.205701,0.017308
KMTC42,I,8188.81795,0.0,0.0,17.209268,0.018085
KMTC42,I,8188.83889,0.0,0.0,17.229465,0.017937
KMTC42,I,8188.86989,0.0,0.0,17.221611,0.014354
KMTC42,I,8188.88965,0.0,0.0,17.201135,0.014332
KMTC42,I,8188.90694,0.0,0.0,17.221362,0.016
KMTC42,I,8188.90935,0.0,0.0,17.223182,0.018745
KMTC42,I,8189.79832,0.0,0.0,17.227812,0.016137
KMTC42,I,8189.84552,0.0,0.0,17.245054,0.016552
KMTC42,I,8189.86223,0.0,0.0,17.238956,0.013838
KMTC42,I,8189.8796,0.0,0.0,17.194736,0.012545
KMTC42,I,8189.89684,0.0,0.0,17.223182,0.012944
KMTC42,I,8189.91373,0.0,0.0,17.201301,0.020089
KMTC42,I,8190.80188,0.0,0.0,17.228225,0.014101
KMTC42,I,8190.81873,0.0,0.0,17.206199,0.011816
KMTC42,I,8190.83572,0.0,0.0,17.233016,0.013231
KMTC42,I,8190.85331,0.0,0.0,17.208024,0.012513
KMTC42,I,8190.87044,0.0,0.0,17.233593,0.01253
KMTC42,I,8190.89908,0.0,0.0,17.225002,0.014188
KMTC42,I,8190.9157,0.0,0.0,17.207693,0.02125
KMTC42,I,8191.78321,0.0,0.0,17.203294,0.015347
KMTC42,I,8191.8027,0.0,0.0,17.22806,0.01551
KMTC42,I,8191.8197,0.0,0.0,17.191991,0.01412
KMTC42,I,8191.83721,0.0,0.0,17.236069,0.015955
KMTC42,I,8191.87241,0.0,0.0,17.220287,0.012952
KMTC42,I,8191.89874,0.0,0.0,17.218383,0.012567
KMTC42,I,8191.9182,0.0,0.0,17.184081,0.024843
KMTC42,I,8192.77878,0.0,0.0,17.237224,0.014701
KMTC42,I,8192.79557,0.0,0.0,17.237554,0.013764
KMTC42,I,8192.81197,0.0,0.0,17.227151,0.014573
KMTC42,I,8192.83277,0.0,0.0,17.214408,0.013982
KMTC42,I,8192.86881,0.0,0.0,17.247277,0.014049
KMTC42,I,8192.88875,0.0,0.0,17.234997,0.012759
KMTC42,I,8192.9059,0.0,0.0,17.206531,0.01322
KMTC42,I,8193.78626,0.0,0.0,17.225911,0.012938
KMTC42,I,8193.80351,0.0,0.0,17.212253,0.013128
KMTC42,I,8193.83734,0.0,0.0,17.221776,0.012792
KMTC42,I,8193.85431,0.0,0.0,17.228969,0.012619
KMTC42,I,8193.87155,0.0,0.0,17.227399,0.011536
KMTC42,I,8193.88903,0.0,0.0,17.224588,0.011077
KMTC42,I,8193.90614,0.0,0.0,17.218549,0.012021
KMTC42,I,8194.78454,0.0,0.0,17.230291,0.012693
KMTC42,I,8194.81044,0.0,0.0,17.240852,0.015237
KMTC42,I,8194.82759,0.0,0.0,17.230456,0.013238
KMTC42,I,8194.84476,0.0,0.0,17.211093,0.011339
KMTC42,I,8194.86156,0.0,0.0,17.224671,0.012163
KMTC42,I,8194.88353,0.0,0.0,17.233181,0.011445
KMTC42,I,8194.91365,0.0,0.0,17.227729,0.013557
KMTC42,I,8195.77506,0.0,0.0,17.207029,0.016831
KMTC42,I,8195.792,0.0,0.0,17.20155,0.016533
KMTC42,I,8195.80947,0.0,0.0,17.224092,0.015443
KMTC42,I,8195.8284,0.0,0.0,17.243654,0.013281
KMTC42,I,8195.84534,0.0,0.0,17.211258,0.012194
KMTC42,I,8195.8737,0.0,0.0,17.238461,0.01244
KMTC42,I,8195.89108,0.0,0.0,17.25805,0.014252
KMTC42,I,8195.90822,0.0,0.0,17.240275,0.011971
KMTC42,I,8196.77618,0.0,0.0,17.226407,0.018969
KMTC42,I,8196.79299,0.0,0.0,17.233841,0.015962
KMTC42,I,8196.82739,0.0,0.0,17.250076,0.015521
KMTC42,I,8196.84759,0.0,0.0,17.211756,0.013285
KMTC42,I,8196.86472,0.0,0.0,17.239203,0.012128
KMTC42,I,8196.88178,0.0,0.0,17.248677,0.016696
KMTC42,I,8196.8989,0.0,0.0,17.237801,0.011744
KMTC42,I,8197.7655,0.0,0.0,17.207858,0.019669
KMTC42,I,8197.79229,0.0,0.0,17.205369,0.015498
KMTC42,I,8197.80944,0.0,0.0,17.212585,0.020756
KMTC42,I,8197.82647,0.0,0.0,17.216396,0.013508
KMTC42,I,8197.84374,0.0,0.0,17.248018,0.013814
KMTC42,I,8197.86761,0.0,0.0,17.239698,0.024109
KMTC42,I,8197.89845,0.0,0.0,17.223761,0.011156
KMTC42,I,8197.91564,0.0,0.0,17.222934,0.01576
KMTC42,I,8198.76742,0.0,0.0,17.187829,0.015786
KMTC42,I,8198.78598,0.0,0.0,17.203958,0.016841
KMTC42,I,8198.80509,0.0,0.0,17.232107,0.015889
KMTC42,I,8198.82164,0.0,0.0,17.223513,0.015837
KMTC42,I,8198.84907,0.0,0.0,17.21979,0.016869
KMTC42,I,8198.86614,0.0,0.0,17.205535,0.013458
KMTC42,I,8198.88639,0.0,0.0,17.224009,0.014191
KMTC42,I,8198.90527,0.0,0.0,17.223844,0.015052
KMTC42,I,8199.76371,0.0,0.0,17.203377,0.014718
KMTC42,I,8199.79183,0.0,0.0,17.222272,0.019615
KMTC42,I,8199.81015,0.0,0.0,17.216064,0.013665
KMTC42,I,8199.82714,0.0,0.0,17.225498,0.014422
KMTC42,I,8199.84431,0.0,0.0,17.218549,0.012956
KMTC42,I,8199.86411,0.0,0.0,17.208273,0.012903
KMTC42,I,8199.88466,0.0,0.0,17.243242,0.01734
KMTC42,I,8199.91028,0.0,0.0,17.223265,0.01349
KMTC42,I,8200.76453,0.0,0.0,17.210098,0.014935
KMTC42,I,8200.78166,0.0,0.0,17.207527,0.015021
KMTC42,I,8200.79851,0.0,0.0,17.231447,0.016361
KMTC42,I,8200.8192,0.0,0.0,17.228638,0.015586
KMTC42,I,8200.84322,0.0,0.0,17.246042,0.014753
KMTC42,I,8200.86035,0.0,0.0,17.237307,0.014233
KMTC42,I,8200.87842,0.0,0.0,17.221859,0.012948
KMTC42,I,8200.89573,0.0,0.0,17.251063,0.01435
KMTC42,I,8200.91528,0.0,0.0,17.206033,0.015339
KMTC42,I,8201.75091,0.0,0.0,17.186247,0.016739
KMTC42,I,8201.80365,0.0,0.0,17.206863,0.013454
KMTC42,I,8201.82059,0.0,0.0,17.221693,0.012247
KMTC42,I,8201.82337,0.0,0.0,17.228886,0.0141
KMTC42,I,8201.84248,0.0,0.0,17.214905,0.01359
KMTC42,I,8201.85983,0.0,0.0,17.239533,0.011508
KMTC42,I,8201.89987,0.0,0.0,17.225332,0.011618
KMTC42,I,8202.76884,0.0,0.0,17.211839,0.013676
KMTC42,I,8202.77476,0.0,0.0,17.214656,0.014452
KMTC42,I,8202.79171,0.0,0.0,17.21623,0.01304
KMTC42,I,8202.80904,0.0,0.0,17.230538,0.013082
KMTC42,I,8202.82589,0.0,0.0,17.235987,0.011981
KMTC42,I,8202.84426,0.0,0.0,17.22649,0.012469
KMTC42,I,8202.87143,0.0,0.0,17.228473,0.013321
KMTC42,I,8202.89788,0.0,0.0,17.215816,0.011406
KMTC42,I,8202.92067,0.0,0.0,17.2207,0.013966
KMTC42,I,8203.75355,0.0,0.0,17.236977,0.014233
KMTC42,I,8203.77032,0.0,0.0,17.219294,0.012876
KMTC42,I,8203.78694,0.0,0.0,17.209849,0.013681
KMTC42,I,8203.80801,0.0,0.0,17.208688,0.035916
KMTC42,I,8203.83785,0.0,0.0,17.242748,0.025275
KMTC42,I,8203.85491,0.0,0.0,17.198809,0.021048
KMTC42,I,8203.87206,0.0,0.0,17.229299,0.030239
KMTC42,I,8203.88914,0.0,0.0,17.212336,0.026137
KMTC42,I,8203.90679,0.0,0.0,17.228556,0.013476
KMTC42,I,8204.77119,0.0,0.0,17.203543,0.016291
KMTC42,I,8204.78857,0.0,0.0,17.236317,0.016659
KMTC42,I,8204.80589,0.0,0.0,17.215816,0.014057
KMTC42,I,8204.82272,0.0,0.0,17.226572,0.013716
KMTC42,I,8204.84072,0.0,0.0,17.221362,0.014433
KMTC42,I,8204.86814,0.0,0.0,17.212585,0.012815
KMTC42,I,8204.88476,0.0,0.0,17.216975,0.012025
KMTC42,I,8204.90174,0.0,0.0,17.247195,0.01126
KMTC42,I,8205.7446,0.0,0.0,17.212833,0.014065
KMTC42,I,8205.76155,0.0,0.0,17.218217,0.015304
KMTC42,I,8205.78212,0.0,0.0,17.21275,0.013048
KMTC42,I,8205.80937,0.0,0.0,17.219459,0.012642
KMTC42,I,8205.82628,0.0,0.0,17.20512,0.012676
KMTC42,I,8205.8432,0.0,0.0,17.225663,0.012005
KMTC42,I,8205.86046,0.0,0.0,17.214159,0.01141
KMTC42,I,8205.88156,0.0,0.0,17.210512,0.011029
KMTC42,I,8205.88396,0.0,0.0,17.210927,0.011029
KMTC42,I,8205.92332,0.0,0.0,17.211258,0.018867
KMTC42,I,8206.74367,0.0,0.0,17.224009,0.014113
KMTC42,I,8206.76108,0.0,0.0,17.223431,0.013802
KMTC42,I,8206.77784,0.0,0.0,17.195817,0.017183
KMTC42,I,8206.795,0.0,0.0,17.21333,0.012423
KMTC42,I,8206.81198,0.0,0.0,17.233428,0.020752
KMTC42,I,8206.83979,0.0,0.0,17.206697,0.021729
KMTC42,I,8206.85653,0.0,0.0,17.211341,0.020445
KMTC42,I,8206.87376,0.0,0.0,17.228638,0.026213
KMTC42,I,8206.89102,0.0,0.0,17.212253,0.010561
KMTC42,I,8206.90973,0.0,0.0,17.219956,0.015142
KMTC42,I,8207.7547,0.0,0.0,17.21101,0.01407
KMTC42,I,8207.779,0.0,0.0,17.203958,0.013462
KMTC42,I,8207.79607,0.0,0.0,17.225828,0.016143
KMTC42,I,8207.81463,0.0,0.0,17.205286,0.015577
KMTC42,I,8207.83179,0.0,0.0,17.220369,0.014827
KMTC42,I,8207.85247,0.0,0.0,17.199474,0.018988
KMTC42,I,8207.87678,0.0,0.0,17.222934,0.00977
KMTC42,I,8207.91263,0.0,0.0,17.227151,0.012079
KMTC42,I,8208.7458,0.0,0.0,17.226242,0.015515
KMTC42,I,8208.76243,0.0,0.0,17.202879,0.013699
KMTC42,I,8208.79092,0.0,0.0,17.226738,0.015357
KMTC42,I,8208.80787,0.0,0.0,17.215733,0.015389
KMTC42,I,8208.82518,0.0,0.0,17.221693,0.01647
KMTC42,I,8208.84638,0.0,0.0,17.214573,0.018461
KMTC42,I,8208.86333,0.0,0.0,17.220618,0.017259
KMTC42,I,8208.8917,0.0,0.0,17.209103,0.014781
KMTC42,I,8208.9091,0.0,0.0,17.229217,0.010527
KMTC42,I,8209.73403,0.0,0.0,17.209683,0.014858
KMTC42,I,8209.75043,0.0,0.0,17.237554,0.014466
KMTC42,I,8209.76731,0.0,0.0,17.218052,0.012801
KMTC42,I,8209.79024,0.0,0.0,17.221445,0.012949
KMTC42,I,8209.81402,0.0,0.0,17.217307,0.012335
KMTC42,I,8209.83483,0.0,0.0,17.227068,0.011614
KMTC42,I,8209.85217,0.0,0.0,17.231777,0.012068
KMTC42,I,8209.86931,0.0,0.0,17.217058,0.01421
KMTC42,I,8209.89897,0.0,0.0,17.241676,0.014376
KMTC42,I,8209.92325,0.0,0.0,17.20512,0.012208
KMTC42,I,8210.74529,0.0,0.0,17.229878,0.016836
KMTC42,I,8210.76238,0.0,0.0,17.240605,0.01829
KMTC42,I,8210.77964,0.0,0.0,17.236317,0.016502
KMTC42,I,8210.79731,0.0,0.0,17.224754,0.014189
KMTC42,I,8210.81416,0.0,0.0,17.203211,0.013777
KMTC42,I,8210.84172,0.0,0.0,17.227564,0.012778
KMTC42,I,8210.8596,0.0,0.0,17.241512,0.017581
KMTC42,I,8210.87659,0.0,0.0,17.225663,0.013406
KMTC42,I,8210.8943,0.0,0.0,17.216478,0.012337
KMTC42,I,8210.91174,0.0,0.0,17.200387,0.011051
KMTC42,I,8211.74663,0.0,0.0,17.204622,0.013852
KMTC42,I,8211.76338,0.0,0.0,17.226159,0.014185
KMTC42,I,8211.7804,0.0,0.0,17.229547,0.014098
KMTC42,I,8211.79737,0.0,0.0,17.230125,0.014252
KMTC42,I,8211.81431,0.0,0.0,17.230456,0.012304
KMTC42,I,8211.83452,0.0,0.0,17.226903,0.012002
KMTC42,I,8211.86023,0.0,0.0,17.21507,0.013277
KMTC42,I,8211.88277,0.0,0.0,17.202215,0.012762
KMTC42,I,8211.9,0.0,0.0,17.200387,0.012688
KMTC42,I,8211.91679,0.0,0.0,17.211176,0.013365
KMTC42,I,8212.73647,0.0,0.0,17.23219,0.017378
KMTC42,I,8212.76139,0.0,0.0,17.230291,0.013862
KMTC42,I,8212.77824,0.0,0.0,17.214905,0.013355
KMTC42,I,8212.79518,0.0,0.0,17.206199,0.013299
KMTC42,I,8212.81231,0.0,0.0,17.223182,0.027901
KMTC42,I,8212.82943,0.0,0.0,17.22434,0.012241
KMTC42,I,8212.85695,0.0,0.0,17.237472,0.017281
KMTC42,I,8212.87432,0.0,0.0,17.250405,0.013186
KMTC42,I,8212.8954,0.0,0.0,17.207693,0.015099
KMTC42,I,8212.91865,0.0,0.0,17.212833,0.022573
KMTC42,I,8213.73337,0.0,0.0,17.229217,0.020297
KMTC42,I,8213.76118,0.0,0.0,17.245301,0.0189
KMTC42,I,8213.77811,0.0,0.0,17.222355,0.014743
KMTC42,I,8213.79512,0.0,0.0,17.231777,0.014014
KMTC42,I,8213.82361,0.0,0.0,17.233428,0.013853
KMTC42,I,8213.84094,0.0,0.0,17.196814,0.019551
KMTC42,I,8213.86152,0.0,0.0,17.227812,0.012855
KMTC42,I,8213.89003,0.0,0.0,17.222272,0.018198
KMTC42,I,8213.89146,0.0,0.0,17.220949,0.018517
KMTC42,I,8213.90885,0.0,0.0,17.213165,0.016183
KMTC42,I,8214.71973,0.0,0.0,17.237884,0.030583
KMTC42,I,8214.73686,0.0,0.0,17.230291,0.034582
KMTC42,I,8214.75714,0.0,0.0,17.214573,0.023198
KMTC42,I,8214.78146,0.0,0.0,17.220204,0.023726
KMTC42,I,8214.79882,0.0,0.0,17.211341,0.022817
KMTC42,I,8214.81591,0.0,0.0,17.20263,0.024043
KMTC42,I,8214.83344,0.0,0.0,17.186497,0.018875
KMTC42,I,8214.85075,0.0,0.0,17.239781,0.021119
KMTC42,I,8214.88024,0.0,0.0,17.222024,0.017884
KMTC42,I,8214.89734,0.0,0.0,17.226407,0.020938
KMTC42,I,8214.91446,0.0,0.0,17.223431,0.024422
KMTC42,I,8215.72811,0.0,0.0,17.236564,0.021841
KMTC42,I,8215.74538,0.0,0.0,17.19041,0.020447
KMTC42,I,8215.78033,0.0,0.0,17.214739,0.019091
KMTC42,I,8215.79951,0.0,0.0,17.194486,0.023683
KMTC42,I,8215.81667,0.0,0.0,17.209683,0.025199
KMTC42,I,8215.83368,0.0,0.0,17.179997,0.024702
KMTC42,I,8215.85113,0.0,0.0,17.28582,0.038111
KMTC42,I,8215.87154,0.0,0.0,17.203709,0.029196
KMTC42,I,8215.91574,0.0,0.0,17.199058,0.018041
KMTC42,I,8216.72116,0.0,0.0,17.228969,0.014881
KMTC42,I,8216.73835,0.0,0.0,17.228473,0.014179
KMTC42,I,8216.75536,0.0,0.0,17.236812,0.012367
KMTC42,I,8216.77593,0.0,0.0,17.217224,0.012725
KMTC42,I,8216.81258,0.0,0.0,17.208605,0.012122
KMTC42,I,8216.83004,0.0,0.0,17.239203,0.012283
KMTC42,I,8216.84789,0.0,0.0,17.229299,0.012307
KMTC42,I,8216.86487,0.0,0.0,17.232025,0.012534
KMTC42,I,8216.88169,0.0,0.0,17.213993,0.012421
KMTC42,I,8216.90918,0.0,0.0,17.214822,0.011408
KMTC42,I,8216.92609,0.0,0.0,17.228638,0.016291
KMTC42,I,8217.71738,0.0,0.0,17.203128,0.017475
KMTC42,I,8217.73408,0.0,0.0,17.219045,0.020652
KMTC42,I,8217.75183,0.0,0.0,17.241841,0.01711
KMTC42,I,8217.77266,0.0,0.0,17.207858,0.013295
KMTC42,I,8217.79853,0.0,0.0,17.227977,0.013322
KMTC42,I,8217.81494,0.0,0.0,17.238049,0.012752
KMTC42,I,8217.83375,0.0,0.0,17.219128,0.012409
KMTC42,I,8217.85457,0.0,0.0,17.210346,0.014934
KMTC42,I,8217.90256,0.0,0.0,17.209103,0.011809
KMTC42,I,8217.91956,0.0,0.0,17.209932,0.014935
KMTC42,I,8218.73475,0.0,0.0,17.281897,0.118373
KMTC42,I,8218.75643,0.0,0.0,17.199723,0.061942
KMTC42,I,8218.77325,0.0,0.0,17.230291,0.14822
KMTC42,I,8218.79909,0.0,0.0,17.123425,0.142012
KMTC42,I,8220.70188,0.0,0.0,17.220287,0.015454
KMTC42,I,8220.73398,0.0,0.0,17.195817,0.01309
KMTC42,I,8220.75803,0.0,0.0,17.218466,0.012878
KMTC42,I,8220.77448,0.0,0.0,17.190992,0.016645
KMTC42,I,8220.79411,0.0,0.0,17.185914,0.012174
KMTC42,I,8220.81165,0.0,0.0,17.225994,0.011151
KMTC42,I,8220.83949,0.0,0.0,17.203045,0.012135
KMTC42,I,8220.85888,0.0,0.0,17.225332,0.011928
KMTC42,I,8220.87909,0.0,0.0,17.222521,0.012401
KMTC42,I,8220.90207,0.0,0.0,17.196232,0.011916
KMTC42,I,8220.91896,0.0,0.0,17.231529,0.012535
KMTC42,I,8221.72952,0.0,0.0,17.199141,0.012066
KMTC42,I,8221.74667,0.0,0.0,17.257064,0.014721
KMTC42,I,8221.7639,0.0,0.0,17.182748,0.016433
KMTC42,I,8221.78073,0.0,0.0,17.201882,0.012762
KMTC42,I,8221.7975,0.0,0.0,17.221611,0.011471
KMTC42,I,8221.81843,0.0,0.0,17.228556,0.015665
KMTC42,I,8221.84596,0.0,0.0,17.230538,0.011838
KMTC42,I,8221.86684,0.0,0.0,17.209434,0.010799
KMTC42,I,8221.88389,0.0,0.0,17.19856,0.011599
KMTC42,I,8221.9012,0.0,0.0,17.224754,0.013877
KMTC42,I,8221.92213,0.0,0.0,17.219211,0.01047
KMTC42,I,8222.69784,0.0,0.0,17.181581,0.013754
KMTC42,I,8222.72271,0.0,0.0,17.202049,0.013545
KMTC42,I,8222.74022,0.0,0.0,17.217969,0.01249
KMTC42,I,8222.75724,0.0,0.0,17.206614,0.012361
KMTC42,I,8222.77434,0.0,0.0,17.211341,0.012038
KMTC42,I,8222.79081,0.0,0.0,17.214491,0.011099
KMTC42,I,8222.81856,0.0,0.0,17.22525,0.010844
KMTC42,I,8222.83606,0.0,0.0,17.227729,0.013011
KMTC42,I,8222.85313,0.0,0.0,17.209932,0.012041
KMTC42,I,8222.8699,0.0,0.0,17.215402,0.010942
KMTC42,I,8222.91524,0.0,0.0,17.227895,0.01053
KMTC42,I,8223.70638,0.0,0.0,17.228804,0.018725
KMTC42,I,8223.72336,0.0,0.0,17.234006,0.018313
KMTC42,I,8223.74032,0.0,0.0,17.224919,0.017559
KMTC42,I,8223.75975,0.0,0.0,17.217307,0.014914
KMTC42,I,8223.78056,0.0,0.0,17.21217,0.01305
KMTC42,I,8223.80642,0.0,0.0,17.229795,0.01441
KMTC42,I,8223.82492,0.0,0.0,17.216561,0.013429
KMTC42,I,8223.84171,0.0,0.0,17.213579,0.011256
KMTC42,I,8223.85858,0.0,0.0,17.226986,0.0152
KMTC42,I,8223.87927,0.0,0.0,17.207775,0.012748
KMTC42,I,8223.90384,0.0,0.0,17.213413,0.011878
KMTC42,I,8223.92097,0.0,0.0,17.214408,0.014452
KMTC42,I,8224.70238,0.0,0.0,17.186164,0.018639
KMTC42,I,8224.71912,0.0,0.0,17.227068,0.017866
KMTC42,I,8224.73625,0.0,0.0,17.214325,0.014374
KMTC42,I,8224.78818,0.0,0.0,17.195817,0.013168
KMTC42,I,8224.80538,0.0,0.0,17.224754,0.012473
KMTC42,I,8224.82237,0.0,0.0,17.235987,0.013846
KMTC42,I,8224.8395,0.0,0.0,17.221528,0.012559
KMTC42,I,8224.86709,0.0,0.0,17.215733,0.011018
KMTC42,I,8224.88406,0.0,0.0,17.206033,0.010884
KMTC42,I,8224.90918,0.0,0.0,17.239533,0.016335
KMTC42,I,8224.92605,0.0,0.0,17.209351,0.012822
KMTC42,I,8225.70798,0.0,0.0,17.217969,0.016875
KMTC42,I,8225.7245,0.0,0.0,17.212999,0.017521
KMTC42,I,8225.74934,0.0,0.0,17.210015,0.014151
KMTC42,I,8225.78002,0.0,0.0,17.230786,0.014407
KMTC42,I,8225.79742,0.0,0.0,17.212833,0.014692
KMTC42,I,8225.81472,0.0,0.0,17.219211,0.015615
KMTC42,I,8225.83133,0.0,0.0,17.213496,0.013437
KMTC42,I,8225.85189,0.0,0.0,17.21275,0.01477
KMTC42,I,8225.8765,0.0,0.0,17.234419,0.01183
KMTC42,I,8225.89422,0.0,0.0,17.216064,0.016567
KMTC42,I,8225.91874,0.0,0.0,17.212004,0.012348
KMTC42,I,8226.70359,0.0,0.0,17.223348,0.016858
KMTC42,I,8226.72063,0.0,0.0,17.208688,0.017299
KMTC42,I,8226.7505,0.0,0.0,17.196066,0.013795
KMTC42,I,8226.76757,0.0,0.0,17.218466,0.013659
KMTC42,I,8226.78495,0.0,0.0,17.231282,0.012535
KMTC42,I,8226.80178,0.0,0.0,17.214573,0.013356
KMTC42,I,8226.82333,0.0,0.0,17.216893,0.01257
KMTC42,I,8226.8513,0.0,0.0,17.232355,0.010366
KMTC42,I,8226.87007,0.0,0.0,17.213579,0.010713
KMTC42,I,8226.88721,0.0,0.0,17.215899,0.010245
KMTC42,I,8226.9043,0.0,0.0,17.214822,0.011874
KMTC42,I,8226.92113,0.0,0.0,17.210761,0.012429
KMTC42,I,8227.69848,0.0,0.0,17.208107,0.012982
KMTC42,I,8227.72399,0.0,0.0,17.208688,0.0122
KMTC42,I,8227.74233,0.0,0.0,17.197812,0.013399
KMTC42,I,8227.75935,0.0,0.0,17.204539,0.012365
KMTC42,I,8227.77623,0.0,0.0,17.215982,0.012027
KMTC42,I,8227.79627,0.0,0.0,17.239203,0.011973
KMTC42,I,8227.83242,0.0,0.0,17.213579,0.011955
KMTC42,I,8227.85012,0.0,0.0,17.226903,0.012235
KMTC42,I,8227.86694,0.0,0.0,17.206199,0.010651
KMTC42,I,8227.88377,0.0,0.0,17.221445,0.012015
KMTC42,I,8227.90239,0.0,0.0,17.220452,0.011784
KMTC42,I,8227.9295,0.0,0.0,17.217307,0.014914
KMTC42,I,8228.68022,0.0,0.0,17.186663,0.015237
KMTC42,I,8228.69737,0.0,0.0,17.223927,0.015992
KMTC42,I,8228.71788,0.0,0.0,17.204456,0.01448
KMTC42,I,8228.73491,0.0,0.0,17.204705,0.013616
KMTC42,I,8228.75248,0.0,0.0,17.211673,0.013051
KMTC42,I,8228.77297,0.0,0.0,17.206697,0.01096
KMTC42,I,8228.80671,0.0,0.0,17.215816,0.011328
KMTC42,I,8228.8238,0.0,0.0,17.207361,0.011269
KMTC42,I,8228.84084,0.0,0.0,17.204207,0.010577
KMTC42,I,8228.85785,0.0,0.0,17.224506,0.010382
KMTC42,I,8228.87926,0.0,0.0,17.219294,0.010856
KMTC42,I,8228.90356,0.0,0.0,17.21623,0.015153
KMTC42,I,8228.92049,0.0,0.0,17.22558,0.015752
KMTC42,I,8229.69183,0.0,0.0,17.20595,0.016126
KMTC42,I,8229.70895,0.0,0.0,17.199806,0.01355
KMTC42,I,8229.72557,0.0,0.0,17.232768,0.012221
KMTC42,I,8229.75644,0.0,0.0,17.237554,0.011358
KMTC42,I,8229.77629,0.0,0.0,17.211176,0.011338
KMTC42,I,8229.79351,0.0,0.0,17.197479,0.011134
KMTC42,I,8229.81027,0.0,0.0,17.214988,0.010788
KMTC42,I,8229.82983,0.0,0.0,17.20819,0.013686
KMTC42,I,8229.89424,0.0,0.0,17.211673,0.016187
KMTC42,I,8229.91178,0.0,0.0,17.234666,0.020196
KMTC42,I,8229.92936,0.0,0.0,17.225167,0.011153
KMTC42,I,8230.68147,0.0,0.0,17.18008,0.015256
KMTC42,I,8230.70352,0.0,0.0,17.196897,0.014422
KMTC42,I,8230.72797,0.0,0.0,17.198643,0.013005
KMTC42,I,8230.74523,0.0,0.0,17.207444,0.012203
KMTC42,I,8230.76217,0.0,0.0,17.207775,0.012826
KMTC42,I,8230.77232,0.0,0.0,17.21217,0.013832
KMTC42,I,8230.78915,0.0,0.0,17.208439,0.015647
KMTC42,I,8230.81155,0.0,0.0,17.223017,0.015917
KMTC42,I,8230.83597,0.0,0.0,17.228225,0.011534
KMTC42,I,8230.85298,0.0,0.0,17.219128,0.011166
KMTC42,I,8230.87046,0.0,0.0,17.216975,0.011869
KMTC42,I,8230.88807,0.0,0.0,17.205369,0.011584
KMTC42,I,8230.90927,0.0,0.0,17.214408,0.01048
KMTC42,I,8231.6757,0.0,0.0,17.215319,0.037537
KMTC42,I,8231.69493,0.0,0.0,17.210264,0.023296
KMTC42,I,8231.71229,0.0,0.0,17.205452,0.022763
KMTC42,I,8231.72936,0.0,0.0,17.184414,0.020628
KMTC42,I,8231.74945,0.0,0.0,17.19407,0.025035
KMTC42,I,8231.7777,0.0,0.0,17.251145,0.058647
KMTC42,I,8231.79666,0.0,0.0,17.225002,0.02718
KMTC42,I,8231.81361,0.0,0.0,17.24283,0.02945
KMTC42,I,8231.83102,0.0,0.0,17.19565,0.036482
KMTC42,I,8231.85131,0.0,0.0,17.203211,0.014404
KMTC42,I,8231.8842,0.0,0.0,17.252543,0.025383
KMTC42,I,8231.91059,0.0,0.0,17.235409,0.017367
KMTC42,I,8232.76502,0.0,0.0,17.203626,0.018815
KMTC42,I,8233.67363,0.0,0.0,17.185497,0.018324
KMTC42,I,8233.70407,0.0,0.0,17.213662,0.015003
KMTC42,I,8233.73695,0.0,0.0,17.217141,0.015307
KMTC42,I,8233.76104,0.0,0.0,17.202962,0.012447
KMTC42,I,8233.77991,0.0,0.0,17.221031,0.013184
KMTC42,I,8233.79897,0.0,0.0,17.230125,0.012538
KMTC42,I,8233.81652,0.0,0.0,17.212999,0.01219
KMTC42,I,8233.83338,0.0,0.0,17.227316,0.014573
KMTC42,I,8233.86071,0.0,0.0,17.217721,0.010937
KMTC42,I,8233.87831,0.0,0.0,17.235822,0.013457
KMTC42,I,8233.89511,0.0,0.0,17.226738,0.012158
KMTC42,I,8233.91724,0.0,0.0,17.207361,0.022201
KMTC42,I,8235.67399,0.0,0.0,17.21979,0.016791
KMTC42,I,8235.70425,0.0,0.0,17.214325,0.019723
KMTC42,I,8235.72138,0.0,0.0,17.03082,0.069912
KMTC42,I,8235.74167,0.0,0.0,17.295693,0.135875
KMTC42,I,8235.75872,0.0,0.0,17.182914,0.066293
KMTC42,I,8235.776,0.0,0.0,17.070886,0.12353
KMTC42,I,8235.79627,0.0,0.0,17.190493,0.035003
KMTC42,I,8235.82215,0.0,0.0,17.212253,0.012972
KMTC42,I,8235.83885,0.0,0.0,17.222107,0.013727
KMTC42,I,8235.85607,0.0,0.0,17.205618,0.010575
KMTC42,I,8235.87512,0.0,0.0,17.215485,0.012262
KMTC42,I,8235.89737,0.0,0.0,17.213579,0.011411
KMTC42,I,8235.92126,0.0,0.0,17.239863,0.025605
KMTC42,I,8235.94004,0.0,0.0,17.215567,0.020429
KMTC42,I,8236.69261,0.0,0.0,17.212336,0.018547
KMTC42,I,8236.6972,0.0,0.0,17.205203,0.016522
KMTC42,I,8236.7144,0.0,0.0,17.177494,0.014079
KMTC42,I,8236.73163,0.0,0.0,17.201882,0.014251
KMTC42,I,8236.74879,0.0,0.0,17.223844,0.014035
KMTC42,I,8236.78095,0.0,0.0,17.218714,0.01319
KMTC42,I,8236.80091,0.0,0.0,17.212585,0.015399
KMTC42,I,8236.81763,0.0,0.0,17.198975,0.015124
KMTC42,I,8236.83477,0.0,0.0,17.189078,0.016572
KMTC42,I,8236.85133,0.0,0.0,17.216893,0.015621
KMTC42,I,8236.88428,0.0,0.0,17.23219,0.015184
KMTC42,I,8236.91838,0.0,0.0,17.206282,0.043247
KMTC42,I,8237.65881,0.0,0.0,16.200973,0.367963
KMTC42,I,8237.8113,0.0,0.0,17.217389,0.029992
KMTC42,I,8237.8286,0.0,0.0,17.194736,0.092798
KMTC42,I,8237.87711,0.0,0.0,17.130748,0.061346
KMTC42,I,8237.89532,0.0,0.0,17.220287,0.013654
KMTC42,I,8237.91245,0.0,0.0,17.228886,0.011532
KMTC42,I,8237.92943,0.0,0.0,17.218052,0.012334
KMTC42,I,8238.65599,0.0,0.0,17.20512,0.018494
KMTC42,I,8238.67647,0.0,0.0,17.230621,0.030705
KMTC42,I,8238.71651,0.0,0.0,17.211839,0.014146
KMTC42,I,8238.73364,0.0,0.0,17.202962,0.013856
KMTC42,I,8238.75068,0.0,0.0,17.219625,0.013343
KMTC42,I,8238.76755,0.0,0.0,17.194569,0.01231
KMTC42,I,8238.7848,0.0,0.0,17.243077,0.011964
KMTC42,I,8238.81265,0.0,0.0,17.210181,0.018003
KMTC42,I,8238.82951,0.0,0.0,17.202215,0.015193
KMTC42,I,8238.84676,0.0,0.0,17.228143,0.023374
KMTC42,I,8238.88107,0.0,0.0,17.198476,0.017648
KMTC42,I,8238.90144,0.0,0.0,17.220949,0.012716
KMTC42,I,8238.92561,0.0,0.0,17.185331,0.021022
KMTC42,I,8240.72094,0.0,0.0,17.216644,0.017823
KMTC42,I,8240.73775,0.0,0.0,17.216396,0.01877
KMTC42,I,8240.75916,0.0,0.0,17.217472,0.016798
KMTC42,I,8240.77999,0.0,0.0,17.213662,0.015082
KMTC42,I,8240.8037,0.0,0.0,17.211258,0.01501
KMTC42,I,8240.82337,0.0,0.0,17.192823,0.017904
KMTC42,I,8240.84249,0.0,0.0,17.220452,0.019306
KMTC42,I,8240.85886,0.0,0.0,17.211839,0.01658
KMTC42,I,8240.87559,0.0,0.0,17.212833,0.016184
KMTC42,I,8240.90356,0.0,0.0,17.186413,0.019351
KMTC42,I,8240.92049,0.0,0.0,17.186164,0.022051
KMTC42,I,8240.93807,0.0,0.0,17.216478,0.022874
KMTC42,I,8241.64877,0.0,0.0,17.224754,0.032798
KMTC42,I,8241.66567,0.0,0.0,17.208771,0.030438
KMTC42,I,8241.68296,0.0,0.0,17.203875,0.028084
KMTC42,I,8241.712,0.0,0.0,17.161454,0.027024
KMTC42,I,8241.73455,0.0,0.0,17.234997,0.02106
KMTC42,I,8241.75264,0.0,0.0,17.213993,0.031914
KMTC42,I,8241.76982,0.0,0.0,17.215567,0.019719
KMTC42,I,8241.7868,0.0,0.0,17.192906,0.020041
KMTC42,I,8241.81102,0.0,0.0,17.19964,0.015436
KMTC42,I,8241.83549,0.0,0.0,17.175909,0.022013
KMTC42,I,8241.85261,0.0,0.0,17.188245,0.019265
KMTC42,I,8241.86983,0.0,0.0,17.218466,0.022549
KMTC42,I,8241.88716,0.0,0.0,17.212502,0.024632
KMTC42,I,8241.90803,0.0,0.0,17.199557,0.026597
KMTC42,I,8242.64729,0.0,0.0,17.237142,0.032877
KMTC42,I,8242.67147,0.0,0.0,17.17232,0.02721
KMTC42,I,8242.69755,0.0,0.0,17.165217,0.024449
KMTC42,I,8242.71501,0.0,0.0,17.21159,0.024715
KMTC42,I,8242.73432,0.0,0.0,17.214408,0.027552
KMTC42,I,8242.75085,0.0,0.0,17.232933,0.022722
KMTC42,I,8242.77846,0.0,0.0,17.222355,0.023953
KMTC42,I,8242.79528,0.0,0.0,17.207029,0.023786
KMTC42,I,8242.81284,0.0,0.0,17.231777,0.02068
KMTC42,I,8242.82983,0.0,0.0,17.163545,0.019751
KMTC42,I,8242.84752,0.0,0.0,17.237059,0.022468
KMTC42,I,8242.87484,0.0,0.0,17.224258,0.02284
KMTC42,I,8242.8918,0.0,0.0,17.204788,0.024906
KMTC42,I,8242.90865,0.0,0.0,17.215236,0.024303
KMTC42,I,8242.92928,0.0,0.0,17.220866,0.022854
KMTC42,I,8243.65629,0.0,0.0,17.193987,0.021543
KMTC42,I,8243.67716,0.0,0.0,17.196897,0.018997
KMTC42,I,8243.70972,0.0,0.0,17.217307,0.016406
KMTC42,I,8243.72869,0.0,0.0,17.213662,0.016024
KMTC42,I,8243.74537,0.0,0.0,17.119296,0.029078
KMTC42,I,8243.7625,0.0,0.0,17.200221,0.016222
KMTC42,I,8243.78367,0.0,0.0,17.189577,0.014756
KMTC42,I,8243.80789,0.0,0.0,17.200637,0.012687
KMTC42,I,8243.82702,0.0,0.0,17.235657,0.018621
KMTC42,I,8243.84417,0.0,0.0,17.214325,0.012343
KMTC42,I,8243.86143,0.0,0.0,17.214491,0.010866
KMTC42,I,8243.88262,0.0,0.0,17.203128,0.012291
KMTC42,I,8243.91001,0.0,0.0,17.227234,0.018102
KMTC42,I,8243.92727,0.0,0.0,17.210678,0.013288
KMTC42,I,8243.92871,0.0,0.0,17.217803,0.01327
KMTC42,I,8243.94538,0.0,0.0,17.165803,0.02325
KMTC42,I,8244.64091,0.0,0.0,17.234171,0.033844
KMTC42,I,8244.65771,0.0,0.0,17.183998,0.018329
KMTC42,I,8244.6764,0.0,0.0,17.224423,0.018898
KMTC42,I,8244.70444,0.0,0.0,17.208605,0.013841
KMTC42,I,8244.72186,0.0,0.0,17.213082,0.013829
KMTC42,I,8244.74239,0.0,0.0,17.21507,0.013121
KMTC42,I,8244.75975,0.0,0.0,17.21333,0.012735
KMTC42,I,8244.77709,0.0,0.0,17.200637,0.014097
KMTC42,I,8244.79744,0.0,0.0,17.194237,0.011297
KMTC42,I,8244.82191,0.0,0.0,17.210512,0.011418
KMTC42,I,8244.83859,0.0,0.0,17.214159,0.011487
KMTC42,I,8244.85593,0.0,0.0,17.214988,0.010943
KMTC42,I,8244.87319,0.0,0.0,17.197064,0.012383
KMTC42,I,8244.89938,0.0,0.0,17.200221,0.014884
KMTC42,I,8244.92897,0.0,0.0,17.210512,0.014934
KMTC42,I,8245.66265,0.0,0.0,17.217721,0.026902
KMTC42,I,8245.66686,0.0,0.0,17.150567,0.026676
KMTC42,I,8245.68827,0.0,0.0,17.192739,0.019804
KMTC42,I,8245.70545,0.0,0.0,17.213911,0.016888
KMTC42,I,8245.72492,0.0,0.0,17.187329,0.017685
KMTC42,I,8245.75539,0.0,0.0,17.214656,0.019485
KMTC42,I,8245.77274,0.0,0.0,17.165552,0.019266
KMTC42,I,8245.78944,0.0,0.0,17.203958,0.01401
KMTC42,I,8245.81302,0.0,0.0,17.204954,0.013302
KMTC42,I,8245.83139,0.0,0.0,17.194819,0.013956
KMTC42,I,8245.8589,0.0,0.0,17.219625,0.014438
KMTC42,I,8245.8759,0.0,0.0,17.201965,0.015666
KMTC42,I,8245.89882,0.0,0.0,17.197978,0.017966
KMTC42,I,8245.91557,0.0,0.0,17.166304,0.01807
KMTC42,I,8245.93674,0.0,0.0,17.211922,0.024318
KMTC42,I,8246.63599,0.0,0.0,17.196814,0.037828
KMTC42,I,8246.6592,0.0,0.0,17.231282,0.022099
KMTC42,I,8246.68916,0.0,0.0,17.174741,0.015666
KMTC42,I,8246.70671,0.0,0.0,17.199224,0.01473
KMTC42,I,8246.72377,0.0,0.0,17.197313,0.014656
KMTC42,I,8246.74244,0.0,0.0,17.191575,0.014751
KMTC42,I,8246.76349,0.0,0.0,17.202464,0.012996
KMTC42,I,8246.80664,0.0,0.0,17.208024,0.011268
KMTC42,I,8246.82725,0.0,0.0,17.197645,0.012772
KMTC42,I,8246.84482,0.0,0.0,17.19939,0.014965
KMTC42,I,8246.86203,0.0,0.0,17.189328,0.016334
KMTC42,I,8246.87937,0.0,0.0,17.18008,0.020406
KMTC42,I,8246.90936,0.0,0.0,17.182831,0.013436
KMTC42,I,8246.93011,0.0,0.0,17.216478,0.014603
KMTC42,I,8247.64562,0.0,0.0,17.183998,0.02556
KMTC42,I,8247.66289,0.0,0.0,17.204622,0.040635
KMTC42,I,8247.68004,0.0,0.0,17.164716,0.063625
KMTC42,I,8247.7009,0.0,0.0,17.181164,0.034664
KMTC42,I,8247.72505,0.0,0.0,17.201799,0.018032
KMTC42,I,8247.74215,0.0,0.0,17.17666,0.015581
KMTC42,I,8247.75919,0.0,0.0,17.231529,0.029831
KMTC42,I,8247.77627,0.0,0.0,17.155092,0.028737
KMTC42,I,8247.79689,0.0,0.0,17.229052,0.023922
KMTC42,I,8247.82128,0.0,0.0,17.23219,0.020442
KMTC42,I,8247.83893,0.0,0.0,17.172988,0.020114
KMTC42,I,8247.85608,0.0,0.0,17.191075,0.054859
KMTC42,I,8247.87422,0.0,0.0,17.178162,0.05339
KMTC42,I,8247.8915,0.0,0.0,17.211093,0.273947
KMTC42,I,8249.6283,0.0,0.0,17.186663,0.013819
KMTC42,I,8249.65646,0.0,0.0,17.208273,0.0173
KMTC42,I,8249.67395,0.0,0.0,17.182914,0.011477
KMTC42,I,8249.67535,0.0,0.0,17.199723,0.011674
KMTC42,I,8249.69271,0.0,0.0,17.184747,0.012411
KMTC42,I,8249.71023,0.0,0.0,17.202298,0.012293
KMTC42,I,8249.73054,0.0,0.0,17.191991,0.014435
KMTC42,I,8249.76217,0.0,0.0,17.219873,0.012719
KMTC42,I,8249.7794,0.0,0.0,17.20512,0.010576
KMTC42,I,8249.79647,0.0,0.0,17.207693,0.016199
KMTC42,I,8249.81468,0.0,0.0,17.216644,0.014211
KMTC42,I,8249.83211,0.0,0.0,17.218052,0.010936
KMTC42,I,8249.85275,0.0,0.0,17.186247,0.011158
KMTC42,I,8249.87696,0.0,0.0,17.183498,0.011241
KMTC42,I,8249.89418,0.0,0.0,17.209351,0.011342
KMTC42,I,8249.9119,0.0,0.0,17.193904,0.014037
KMTC42,I,8249.92886,0.0,0.0,17.217224,0.016092
KMTC42,I,8250.63881,0.0,0.0,17.185914,0.012957
KMTC42,I,8250.66449,0.0,0.0,17.184081,0.012805
KMTC42,I,8250.68169,0.0,0.0,17.185247,0.013273
KMTC42,I,8250.69859,0.0,0.0,17.203294,0.011355
KMTC42,I,8250.71572,0.0,0.0,17.206116,0.011738
KMTC42,I,8250.73281,0.0,0.0,17.191741,0.011146
KMTC42,I,8250.76105,0.0,0.0,17.18991,0.010063
KMTC42,I,8250.78124,0.0,0.0,17.194153,0.012546
KMTC42,I,8250.79839,0.0,0.0,17.202132,0.009808
KMTC42,I,8250.83264,0.0,0.0,17.204373,0.011353
KMTC42,I,8250.86192,0.0,0.0,17.195733,0.013639
KMTC42,I,8250.87917,0.0,0.0,17.203543,0.011744
KMTC42,I,8250.89603,0.0,0.0,17.197728,0.012616
KMTC42,I,8250.91286,0.0,0.0,17.193405,0.013174
KMTC42,I,8250.93344,0.0,0.0,17.187579,0.01366
KMTC42,I,8251.63678,0.0,0.0,17.177912,0.019461
KMTC42,I,8251.65739,0.0,0.0,17.161621,0.019041
KMTC42,I,8251.68105,0.0,0.0,17.183331,0.014616
KMTC42,I,8251.70069,0.0,0.0,17.209849,0.012197
KMTC42,I,8251.71756,0.0,0.0,17.182498,0.012652
KMTC42,I,8251.73457,0.0,0.0,17.195484,0.01223
KMTC42,I,8251.75666,0.0,0.0,17.178495,0.013683
KMTC42,I,8251.78095,0.0,0.0,17.197147,0.012852
KMTC42,I,8251.79864,0.0,0.0,17.201882,0.013702
KMTC42,I,8251.81564,0.0,0.0,17.193155,0.020832
KMTC42,I,8251.83211,0.0,0.0,17.198643,0.023189
KMTC42,I,8251.84941,0.0,0.0,17.171568,0.020597
KMTC42,I,8251.87897,0.0,0.0,17.243572,0.038042
KMTC42,I,8251.89631,0.0,0.0,17.288025,0.059698
KMTC42,I,8251.91345,0.0,0.0,17.10816,0.040534
KMTC42,I,8251.9331,0.0,0.0,17.198476,0.047452
KMTC42,I,8252.83334,0.0,0.0,17.206199,0.010728
KMTC42,I,8252.85102,0.0,0.0,17.210181,0.010875
KMTC42,I,8252.87855,0.0,0.0,17.199141,0.010898
KMTC42,I,8252.89569,0.0,0.0,17.19432,0.012311
KMTC42,I,8252.91292,0.0,0.0,17.22219,0.013962
KMTC42,I,8252.92936,0.0,0.0,17.178829,0.016682
KMTC42,I,8253.67332,0.0,0.0,17.201467,0.021671
KMTC42,I,8253.70115,0.0,0.0,17.193987,0.013958
KMTC42,I,8253.70273,0.0,0.0,17.20761,0.013844
KMTC42,I,8253.71976,0.0,0.0,17.187579,0.012092
KMTC42,I,8253.73693,0.0,0.0,17.17983,0.012422
KMTC42,I,8253.75403,0.0,0.0,17.193738,0.011064
KMTC42,I,8253.77416,0.0,0.0,17.198144,0.010822
KMTC42,I,8253.80043,0.0,0.0,17.182581,0.010542
KMTC42,I,8253.81749,0.0,0.0,17.193155,0.021943
KMTC42,I,8253.83394,0.0,0.0,17.214905,0.014686
KMTC42,I,8253.85134,0.0,0.0,17.245137,0.046476
KMTC42,I,8253.86874,0.0,0.0,17.260268,0.080991
KMTC42,I,8254.61022,0.0,0.0,17.185247,0.014768
KMTC42,I,8254.63834,0.0,0.0,17.20155,0.011904
KMTC42,I,8254.65533,0.0,0.0,17.184997,0.013116
KMTC42,I,8254.67244,0.0,0.0,17.205452,0.010885
KMTC42,I,8254.68995,0.0,0.0,17.199557,0.0141
KMTC42,I,8254.7072,0.0,0.0,17.198975,0.011209
KMTC42,I,8254.75618,0.0,0.0,17.200055,0.010663
KMTC42,I,8254.77268,0.0,0.0,17.192656,0.012315
KMTC42,I,8254.79022,0.0,0.0,17.189827,0.011462
KMTC42,I,8254.82419,0.0,0.0,17.199224,0.013003
KMTC42,I,8254.8446,0.0,0.0,17.194153,0.012233
KMTC42,I,8254.8775,0.0,0.0,17.193821,0.011531
KMTC42,I,8254.89441,0.0,0.0,17.18708,0.011468
KMTC42,I,8254.91132,0.0,0.0,17.165301,0.01167
KMTC42,I,8254.92801,0.0,0.0,17.189411,0.012244
KMTC42,I,8255.62684,0.0,0.0,17.173155,0.014406
KMTC42,I,8255.66237,0.0,0.0,17.207693,0.018958
KMTC42,I,8255.69622,0.0,0.0,17.18991,0.011852
KMTC42,I,8255.71349,0.0,0.0,17.205535,0.013458
KMTC42,I,8255.73024,0.0,0.0,17.177161,0.011802
KMTC42,I,8255.74689,0.0,0.0,17.19565,0.011917
KMTC42,I,8255.77514,0.0,0.0,17.19939,0.012221
KMTC42,I,8255.79277,0.0,0.0,17.183914,0.027949
KMTC42,I,8255.87628,0.0,0.0,17.202132,0.040336
KMTC42,I,8255.89428,0.0,0.0,17.196066,0.023279
KMTC42,I,8256.60435,0.0,0.0,17.198061,0.015047
KMTC42,I,8256.62169,0.0,0.0,17.201135,0.015983
KMTC42,I,8256.63879,0.0,0.0,17.194237,0.014114
KMTC42,I,8256.65807,0.0,0.0,17.16948,0.01276
KMTC42,I,8256.67706,0.0,0.0,17.186996,0.013504
KMTC42,I,8256.69692,0.0,0.0,17.18683,0.013662
KMTC42,I,8256.71389,0.0,0.0,17.182247,0.011791
KMTC42,I,8256.73103,0.0,0.0,17.19407,0.011297
KMTC42,I,8256.74794,0.0,0.0,17.193322,0.01341
KMTC42,I,8256.765,0.0,0.0,17.167642,0.010493
KMTC42,I,8256.76852,0.0,0.0,17.19939,0.012612
KMTC42,I,8256.78542,0.0,0.0,17.190493,0.010915
KMTC42,I,8256.80537,0.0,0.0,17.194569,0.011374
KMTC42,I,8256.82225,0.0,0.0,17.204705,0.011819
KMTC42,I,8256.83981,0.0,0.0,17.185164,0.012254
KMTC42,I,8256.85703,0.0,0.0,17.171485,0.01307
KMTC42,I,8256.8788,0.0,0.0,17.20429,0.01448
KMTC42,I,8256.90515,0.0,0.0,17.199307,0.013473
KMTC42,I,8256.92237,0.0,0.0,17.187496,0.015629
KMTC42,I,8257.61339,0.0,0.0,17.163043,0.016096
KMTC42,I,8257.63232,0.0,0.0,17.172403,0.015989
KMTC42,I,8257.64908,0.0,0.0,17.206199,0.017543
KMTC42,I,8257.66629,0.0,0.0,17.188245,0.012403
KMTC42,I,8257.68682,0.0,0.0,17.19249,0.012393
KMTC42,I,8257.71113,0.0,0.0,17.179496,0.011718
KMTC42,I,8257.72803,0.0,0.0,17.179329,0.01211
KMTC42,I,8257.7448,0.0,0.0,17.179329,0.011797
KMTC42,I,8257.76163,0.0,0.0,17.202464,0.012214
KMTC42,I,8257.77844,0.0,0.0,17.183331,0.011945
KMTC42,I,8257.79561,0.0,0.0,17.193904,0.013644
KMTC42,I,8257.82503,0.0,0.0,17.17232,0.012675
KMTC42,I,8257.84218,0.0,0.0,17.169396,0.012446
KMTC42,I,8257.86563,0.0,0.0,17.207858,0.012046
KMTC42,I,8257.88214,0.0,0.0,17.187496,0.012092
KMTC42,I,8257.8837,0.0,0.0,17.166806,0.012138
KMTC42,I,8257.90557,0.0,0.0,17.187829,0.013188
KMTC42,I,8257.90724,0.0,0.0,17.188745,0.01295
KMTC42,I,8257.92393,0.0,0.0,17.189827,0.017281
KMTC42,I,8257.94098,0.0,0.0,17.155175,0.027855
KMTC42,I,8258.61887,0.0,0.0,17.186413,0.013741
KMTC42,I,8258.63566,0.0,0.0,17.183498,0.013277
KMTC42,I,8258.66279,0.0,0.0,17.193738,0.011844
KMTC42,I,8258.67999,0.0,0.0,17.204705,0.012365
KMTC42,I,8258.69677,0.0,0.0,17.176744,0.012665
KMTC42,I,8258.71415,0.0,0.0,17.182581,0.011868
KMTC42,I,8258.73095,0.0,0.0,17.195068,0.011373
KMTC42,I,8258.75168,0.0,0.0,17.170399,0.011503
KMTC42,I,8258.77581,0.0,0.0,17.17641,0.012587
KMTC42,I,8258.79312,0.0,0.0,17.18991,0.01193
KMTC42,I,8258.80998,0.0,0.0,17.205452,0.017704
KMTC42,I,8258.82673,0.0,0.0,17.196066,0.013638
KMTC42,I,8258.84414,0.0,0.0,17.178912,0.011173
KMTC42,I,8258.86084,0.0,0.0,17.181581,0.012811
KMTC42,I,8258.87799,0.0,0.0,17.179163,0.011641
KMTC42,I,8258.89493,0.0,0.0,17.157939,0.016428
KMTC42,I,8258.91235,0.0,0.0,17.203958,0.015581
KMTC42,I,8258.9361,0.0,0.0,17.166304,0.01324
KMTC42,I,8259.62253,0.0,0.0,17.211673,0.016817
KMTC42,I,8259.63985,0.0,0.0,17.175492,0.014873
KMTC42,I,8259.69105,0.0,0.0,17.165719,0.013872
KMTC42,I,8259.71803,0.0,0.0,17.179246,0.012895
KMTC42,I,8259.73519,0.0,0.0,17.186413,0.01382
KMTC42,I,8259.76367,0.0,0.0,17.184997,0.013273
KMTC42,I,8259.78114,0.0,0.0,17.189661,0.015307
KMTC42,I,8259.79788,0.0,0.0,17.168227,0.013235
KMTC42,I,8259.81832,0.0,0.0,17.169563,0.013232
KMTC42,I,8259.8357,0.0,0.0,17.194736,0.011607
KMTC42,I,8259.85292,0.0,0.0,17.191824,0.013571
KMTC42,I,8259.86972,0.0,0.0,17.164381,0.012772
KMTC42,I,8259.88838,0.0,0.0,17.183831,0.013276
KMTC42,I,8259.9052,0.0,0.0,17.178495,0.013289
KMTC42,I,8259.92215,0.0,0.0,17.160868,0.013964
KMTC42,I,8259.93935,0.0,0.0,17.178245,0.016763
KMTC42,I,8260.6047,0.0,0.0,17.156097,0.01445
KMTC42,I,8260.62189,0.0,0.0,17.169313,0.013469
KMTC42,I,8260.63889,0.0,0.0,17.164716,0.012771
KMTC42,I,8260.65594,0.0,0.0,17.187996,0.015154
KMTC42,I,8260.67622,0.0,0.0,17.178912,0.015891
KMTC42,I,8260.71313,0.0,0.0,17.171902,0.012126
KMTC42,I,8260.73005,0.0,0.0,17.168728,0.013628
KMTC42,I,8260.75504,0.0,0.0,17.198227,0.019467
KMTC42,I,8260.7718,0.0,0.0,17.184164,0.020788
KMTC42,I,8260.7887,0.0,0.0,17.161788,0.013961
KMTC42,I,8260.80923,0.0,0.0,17.189328,0.021641
KMTC42,I,8260.82606,0.0,0.0,17.16948,0.01174
KMTC42,I,8260.84288,0.0,0.0,17.145031,0.013528
KMTC42,I,8260.86015,0.0,0.0,17.182414,0.014145
KMTC42,I,8260.87701,0.0,0.0,17.189744,0.014598
KMTC42,I,8260.89433,0.0,0.0,17.173238,0.013854
KMTC42,I,8260.91074,0.0,0.0,17.164799,0.014744
KMTC42,I,8260.9274,0.0,0.0,17.157436,0.015239
KMTC42,I,8260.94445,0.0,0.0,17.198643,0.02192
KMTC42,I,8261.62705,0.0,0.0,17.162876,0.012146
KMTC42,I,8261.64837,0.0,0.0,17.163378,0.01097
KMTC42,I,8261.683,0.0,0.0,17.162876,0.011127
KMTC42,I,8261.70421,0.0,0.0,17.185414,0.011315
KMTC42,I,8261.72558,0.0,0.0,17.184248,0.012647
KMTC42,I,8261.74233,0.0,0.0,17.175575,0.010478
KMTC42,I,8261.76346,0.0,0.0,17.182164,0.012888
KMTC42,I,8261.79166,0.0,0.0,17.175659,0.011648
KMTC42,I,8261.80991,0.0,0.0,17.180747,0.010779
KMTC42,I,8261.8277,0.0,0.0,17.172737,0.009475
KMTC42,I,8261.8447,0.0,0.0,17.183081,0.010697
KMTC42,I,8261.86472,0.0,0.0,17.16948,0.010334
KMTC42,I,8261.88551,0.0,0.0,17.186413,0.01069
KMTC42,I,8261.91148,0.0,0.0,17.192989,0.012627
KMTC42,I,8261.92874,0.0,0.0,17.170315,0.01166
KMTC42,I,8262.60621,0.0,0.0,17.169647,0.012681
KMTC42,I,8262.62283,0.0,0.0,17.185081,0.012802
KMTC42,I,8262.64312,0.0,0.0,17.161119,0.011131
KMTC42,I,8262.66724,0.0,0.0,17.17449,0.012827
KMTC42,I,8262.6841,0.0,0.0,17.178329,0.011799
KMTC42,I,8262.70126,0.0,0.0,17.167976,0.011273
KMTC42,I,8262.71854,0.0,0.0,17.184914,0.010771
KMTC42,I,8262.73609,0.0,0.0,17.175492,0.009935
KMTC42,I,8262.7636,0.0,0.0,17.168644,0.010569
KMTC42,I,8262.7812,0.0,0.0,17.175075,0.010013
KMTC42,I,8262.7986,0.0,0.0,17.177328,0.010086
KMTC42,I,8262.81554,0.0,0.0,17.167809,0.010493
KMTC42,I,8262.83215,0.0,0.0,17.17666,0.010165
KMTC42,I,8262.86038,0.0,0.0,17.158106,0.011921
KMTC42,I,8262.87693,0.0,0.0,17.146709,0.011945
KMTC42,I,8262.89392,0.0,0.0,17.169229,0.012525
KMTC42,I,8262.91088,0.0,0.0,17.185914,0.014215
KMTC42,I,8262.92797,0.0,0.0,17.170482,0.015045
KMTC42,I,8263.5915,0.0,0.0,17.177244,0.016133
KMTC42,I,8263.61591,0.0,0.0,17.15551,0.01461
KMTC42,I,8263.63284,0.0,0.0,17.162458,0.013802
KMTC42,I,8263.64962,0.0,0.0,17.166304,0.012453
KMTC42,I,8263.66938,0.0,0.0,17.167725,0.011979
KMTC42,I,8263.68943,0.0,0.0,17.187496,0.011389
KMTC42,I,8263.71296,0.0,0.0,17.170817,0.011972
KMTC42,I,8263.73852,0.0,0.0,17.180413,0.010936
KMTC42,I,8263.75755,0.0,0.0,17.174073,0.010481
KMTC42,I,8263.77458,0.0,0.0,17.168227,0.010882
KMTC42,I,8263.79174,0.0,0.0,17.160533,0.011288
KMTC42,I,8263.81899,0.0,0.0,17.162207,0.010114
KMTC42,I,8263.83602,0.0,0.0,17.158022,0.011921
KMTC42,I,8263.85319,0.0,0.0,17.17424,0.010325
KMTC42,I,8263.86965,0.0,0.0,17.148638,0.011469
KMTC42,I,8263.88676,0.0,0.0,17.164298,0.011124
KMTC42,I,8263.91436,0.0,0.0,17.174073,0.012279
KMTC42,I,8263.9312,0.0,0.0,17.170482,0.013624
KMTC42,I,8264.59751,0.0,0.0,17.18058,0.014702
KMTC42,I,8264.61447,0.0,0.0,17.166221,0.015057
KMTC42,I,8264.63138,0.0,0.0,17.173823,0.013694
KMTC42,I,8264.6525,0.0,0.0,17.154589,0.013979
KMTC42,I,8264.67683,0.0,0.0,17.170232,0.015125
KMTC42,I,8264.69387,0.0,0.0,17.17691,0.011646
KMTC42,I,8264.72864,0.0,0.0,17.183581,0.025721
KMTC42,I,8264.77484,0.0,0.0,17.144276,0.013451
KMTC42,I,8264.79185,0.0,0.0,17.157939,0.01098
KMTC42,I,8264.80895,0.0,0.0,17.165301,0.011044
KMTC42,I,8264.83162,0.0,0.0,17.155845,0.011141
KMTC42,I,8264.84849,0.0,0.0,17.15618,0.011846
KMTC42,I,8264.88216,0.0,0.0,17.160115,0.011681
KMTC42,I,8264.8988,0.0,0.0,17.172069,0.014014
KMTC42,I,8264.91534,0.0,0.0,17.153248,0.013271
KMTC42,I,8264.93225,0.0,0.0,17.167307,0.013553
KMTC42,I,8265.59605,0.0,0.0,17.16505,0.019268
KMTC42,I,8265.62383,0.0,0.0,17.191325,0.017671
KMTC42,I,8265.64121,0.0,0.0,17.155259,0.015562
KMTC42,I,8265.65815,0.0,0.0,17.174991,0.015902
KMTC42,I,8265.68405,0.0,0.0,17.164047,0.015459
KMTC42,I,8265.70155,0.0,0.0,17.160701,0.012387
KMTC42,I,8265.72282,0.0,0.0,17.172487,0.012282
KMTC42,I,8265.7464,0.0,0.0,17.171652,0.014015
KMTC42,I,8265.76394,0.0,0.0,17.156013,0.014055
KMTC42,I,8265.78098,0.0,0.0,17.166054,0.012218
KMTC42,I,8265.79795,0.0,0.0,17.159111,0.011448
KMTC42,I,8265.81845,0.0,0.0,17.152829,0.012168
KMTC42,I,8265.84279,0.0,0.0,17.163545,0.012617
KMTC42,I,8265.86385,0.0,0.0,17.149393,0.013517
KMTC42,I,8265.88115,0.0,0.0,17.168728,0.017269
KMTC42,I,8265.89814,0.0,0.0,17.161035,0.012622
KMTC42,I,8265.91534,0.0,0.0,17.163963,0.011987
KMTC42,I,8265.94255,0.0,0.0,17.14847,0.016933
KMTC42,I,8266.58016,0.0,0.0,17.160031,0.024552
KMTC42,I,8266.59739,0.0,0.0,17.192407,0.025202
KMTC42,I,8266.61399,0.0,0.0,17.157018,0.015954
KMTC42,I,8266.63083,0.0,0.0,17.142933,0.014722
KMTC42,I,8266.64788,0.0,0.0,17.175242,0.013455
KMTC42,I,8266.69291,0.0,0.0,17.153835,0.030907
KMTC42,I,8266.71312,0.0,0.0,17.15752,0.023524
KMTC42,I,8266.7299,0.0,0.0,17.17424,0.019394
KMTC42,I,8266.75108,0.0,0.0,17.168895,0.029624
KMTC42,I,8266.77254,0.0,0.0,17.128392,0.053381
KMTC42,I,8266.79818,0.0,0.0,17.342334,0.179454
KMTC42,I,8270.58589,0.0,0.0,17.067996,0.045204
KMTC42,I,8270.60974,0.0,0.0,17.198144,0.03957
KMTC42,I,8270.62663,0.0,0.0,17.20346,0.047726
KMTC42,I,8270.64693,0.0,0.0,17.186747,0.048115
KMTC42,I,8270.73839,0.0,0.0,17.112803,0.031936
KMTC42,I,8270.77174,0.0,0.0,17.150986,0.028517
KMTC42,I,8270.81735,0.0,0.0,17.155762,0.019938
KMTC42,I,8270.8375,0.0,0.0,17.13386,0.019455
KMTC42,I,8270.85944,0.0,0.0,17.168227,0.02292
KMTC42,I,8270.87695,0.0,0.0,17.184164,0.027629
KMTC42,I,8270.89355,0.0,0.0,17.193738,0.031399
KMTC42,I,8270.91443,0.0,0.0,17.191159,0.037469
KMTC42,I,8270.93828,0.0,0.0,17.248183,0.034933
KMTC42,I,8271.57558,0.0,0.0,17.148638,0.019324
KMTC42,I,8271.5924,0.0,0.0,17.136886,0.017926
KMTC42,I,8271.60906,0.0,0.0,17.130412,0.020909
KMTC42,I,8271.63393,0.0,0.0,17.119549,0.01798
KMTC42,I,8271.65778,0.0,0.0,17.115165,0.016791
KMTC42,I,8271.67487,0.0,0.0,17.168728,0.019175
KMTC42,I,8271.6953,0.0,0.0,17.147716,0.01368
KMTC42,I,8271.712,0.0,0.0,17.130496,0.014436
KMTC42,I,8271.72899,0.0,0.0,17.150064,0.012568
KMTC42,I,8271.76033,0.0,0.0,17.140414,0.011486
KMTC42,I,8271.77741,0.0,0.0,17.157771,0.011529
KMTC42,I,8271.79428,0.0,0.0,17.160366,0.013965
KMTC42,I,8271.81086,0.0,0.0,17.153332,0.013271
KMTC42,I,8271.82749,0.0,0.0,17.163043,0.01246
KMTC42,I,8271.85513,0.0,0.0,17.151991,0.014223
KMTC42,I,8271.87764,0.0,0.0,17.177661,0.015578
KMTC42,I,8271.89439,0.0,0.0,17.124941,0.016923
KMTC42,I,8271.91163,0.0,0.0,17.161537,0.01936
KMTC42,I,8271.92861,0.0,0.0,17.141338,0.023351
KMTC42,I,8272.58014,0.0,0.0,17.137138,0.018724
KMTC42,I,8272.6067,0.0,0.0,17.141506,0.013932
KMTC42,I,8272.62351,0.0,0.0,17.149477,0.011546
KMTC42,I,8272.64011,0.0,0.0,17.153584,0.011459
KMTC42,I,8272.66386,0.0,0.0,17.125278,0.011911
KMTC42,I,8272.68399,0.0,0.0,17.139574,0.011016
KMTC42,I,8272.70741,0.0,0.0,17.124015,0.011914
KMTC42,I,8272.72464,0.0,0.0,17.137978,0.010784
KMTC42,I,8272.74124,0.0,0.0,17.14847,0.010999
KMTC42,I,8272.75846,0.0,0.0,17.126877,0.010883
KMTC42,I,8272.77573,0.0,0.0,17.13243,0.009621
KMTC42,I,8272.81612,0.0,0.0,17.149812,0.010527
KMTC42,I,8272.83321,0.0,0.0,17.134448,0.010791
KMTC42,I,8272.85006,0.0,0.0,17.135793,0.010788
KMTC42,I,8272.86733,0.0,0.0,17.127972,0.012142
KMTC42,I,8272.88461,0.0,0.0,17.159194,0.022159
KMTC42,I,8273.58431,0.0,0.0,17.137306,0.015453
KMTC42,I,8273.60129,0.0,0.0,17.135457,0.012996
KMTC42,I,8273.61864,0.0,0.0,17.152662,0.01351
KMTC42,I,8273.63529,0.0,0.0,17.128056,0.013489
KMTC42,I,8273.65272,0.0,0.0,17.123593,0.012627
KMTC42,I,8273.67283,0.0,0.0,17.118369,0.011214
KMTC42,I,8273.70057,0.0,0.0,17.136634,0.010943
KMTC42,I,8273.71804,0.0,0.0,17.121824,0.010736
KMTC42,I,8273.73485,0.0,0.0,17.124099,0.01081
KMTC42,I,8273.75211,0.0,0.0,17.140246,0.011093
KMTC42,I,8273.77259,0.0,0.0,17.137894,0.013466
KMTC42,I,8273.79637,0.0,0.0,17.135793,0.012758
KMTC42,I,8273.81329,0.0,0.0,17.133019,0.011343
KMTC42,I,8273.83044,0.0,0.0,17.152159,0.01359
KMTC42,I,8273.85316,0.0,0.0,17.151656,0.014383
KMTC42,I,8273.8703,0.0,0.0,17.162876,0.013248
KMTC42,I,8273.89755,0.0,0.0,17.127298,0.015001
KMTC42,I,8273.91492,0.0,0.0,17.125951,0.016601
KMTC42,I,8273.93184,0.0,0.0,17.116936,0.01911
KMTC42,I,8274.5618,0.0,0.0,16.395921,0.026268
KMTC42,I,8274.60622,0.0,0.0,16.529837,0.00964
KMTC42,I,8274.62343,0.0,0.0,16.572823,0.012632
KMTC42,I,8274.63997,0.0,0.0,16.588196,0.009255
KMTC42,I,8274.6514,0.0,0.0,16.624458,0.009552
KMTC42,I,8274.66909,0.0,0.0,16.638315,0.010286
KMTC42,I,8274.68621,0.0,0.0,16.641641,0.01095
KMTC42,I,8274.70643,0.0,0.0,16.65951,0.0096
KMTC42,I,8274.73041,0.0,0.0,16.683075,0.010736
KMTC42,I,8274.7473,0.0,0.0,16.664174,0.007958
KMTC42,I,8274.76409,0.0,0.0,16.691841,0.008177
KMTC42,I,8274.7808,0.0,0.0,16.703188,0.008981
KMTC42,I,8274.80329,0.0,0.0,16.707026,0.008895
KMTC42,I,8274.8267,0.0,0.0,16.710685,0.010041
KMTC42,I,8274.84405,0.0,0.0,16.75083,0.010325
KMTC42,I,8274.8608,0.0,0.0,16.749054,0.010162
KMTC42,I,8274.87761,0.0,0.0,16.738833,0.011
KMTC42,I,8274.89467,0.0,0.0,16.756512,0.011061
KMTC42,I,8274.91227,0.0,0.0,16.755536,0.011559
KMTC42,I,8275.76424,0.0,0.0,16.881667,0.008868
KMTC42,I,8275.7812,0.0,0.0,16.89232,0.009096
KMTC42,I,8275.79809,0.0,0.0,16.847602,0.081434
KMTC42,I,8275.85795,0.0,0.0,16.890487,0.010389
KMTC42,I,8275.87452,0.0,0.0,16.909401,0.013132
KMTC42,I,8276.58343,0.0,0.0,16.925662,0.011473
KMTC42,I,8276.60197,0.0,0.0,16.935123,0.01162
KMTC42,I,8276.61929,0.0,0.0,16.932954,0.01203
KMTC42,I,8276.63663,0.0,0.0,16.930784,0.010332
KMTC42,I,8276.65627,0.0,0.0,16.919058,0.009785
KMTC42,I,8276.6768,0.0,0.0,16.929135,0.008891
KMTC42,I,8276.70396,0.0,0.0,16.931218,0.010412
KMTC42,I,8276.72197,0.0,0.0,16.936857,0.00904
KMTC42,I,8276.73883,0.0,0.0,16.933908,0.013414
KMTC42,I,8276.7569,0.0,0.0,16.940412,0.008956
KMTC42,I,8276.77853,0.0,0.0,16.923577,0.008818
KMTC42,I,8276.81338,0.0,0.0,16.926617,0.01058
KMTC42,I,8276.83053,0.0,0.0,16.939978,0.009917
KMTC42,I,8276.8486,0.0,0.0,16.956601,0.020092
KMTC42,I,8276.86552,0.0,0.0,16.939718,0.010561
KMTC42,I,8276.88244,0.0,0.0,16.918101,0.013607
KMTC42,I,8276.91728,0.0,0.0,16.934689,0.013985
KMTC42,I,8277.58036,0.0,0.0,16.945783,0.013228
KMTC42,I,8277.59733,0.0,0.0,16.931826,0.013745
KMTC42,I,8277.61964,0.0,0.0,16.957034,0.015411
KMTC42,I,8277.63905,0.0,0.0,16.967229,0.01189
KMTC42,I,8277.65645,0.0,0.0,16.961183,0.012224
KMTC42,I,8277.67677,0.0,0.0,16.956947,0.010213
KMTC42,I,8277.70154,0.0,0.0,16.950286,0.009262
KMTC42,I,8277.72199,0.0,0.0,16.955217,0.009415
KMTC42,I,8277.73861,0.0,0.0,16.957466,0.011745
KMTC42,I,8277.75578,0.0,0.0,16.950892,0.009421
KMTC42,I,8277.77635,0.0,0.0,16.936163,0.009441
KMTC42,I,8277.80025,0.0,0.0,16.941365,0.009035
KMTC42,I,8277.81679,0.0,0.0,16.942578,0.010074
KMTC42,I,8277.83377,0.0,0.0,16.958503,0.011905
KMTC42,I,8277.85081,0.0,0.0,16.948987,0.011273
KMTC42,I,8277.87164,0.0,0.0,16.957812,0.011259
KMTC42,I,8277.9013,0.0,0.0,16.959022,0.013529
KMTC42,I,8277.91595,0.0,0.0,16.945957,0.013636
KMTC42,I,8278.57769,0.0,0.0,16.934515,0.013494
KMTC42,I,8278.59438,0.0,0.0,16.964466,0.012057
KMTC42,I,8278.61167,0.0,0.0,16.941192,0.013074
KMTC42,I,8278.62859,0.0,0.0,16.947948,0.015103
KMTC42,I,8278.64694,0.0,0.0,16.965848,0.015964
KMTC42,I,8278.67602,0.0,0.0,16.962133,0.013523
KMTC42,I,8278.6964,0.0,0.0,16.965243,0.013354
KMTC42,I,8278.7151,0.0,0.0,16.988953,0.016154
KMTC42,I,8278.73136,0.0,0.0,16.957379,0.026028
KMTC42,I,8278.74839,0.0,0.0,16.962738,0.017118
KMTC42,I,8282.56459,0.0,0.0,17.007346,0.015053
KMTC42,I,8282.58993,0.0,0.0,16.99678,0.011999
KMTC42,I,8282.60706,0.0,0.0,17.002366,0.010704
KMTC42,I,8282.62471,0.0,0.0,17.012579,0.01005
KMTC42,I,8282.64158,0.0,0.0,17.013265,0.010208
KMTC42,I,8282.66515,0.0,0.0,17.002452,0.009588
KMTC42,I,8282.68975,0.0,0.0,16.998327,0.008881
KMTC42,I,8282.70672,0.0,0.0,16.992653,0.008967
KMTC42,I,8282.72332,0.0,0.0,17.004513,0.008794
KMTC42,I,8282.74298,0.0,0.0,17.01498,0.008622
KMTC42,I,8282.76043,0.0,0.0,17.00623,0.009424
KMTC42,I,8282.79018,0.0,0.0,16.9899,0.008813
KMTC42,I,8282.80671,0.0,0.0,16.996436,0.009279
KMTC42,I,8282.8234,0.0,0.0,16.989039,0.010086
KMTC42,I,8282.84031,0.0,0.0,17.000905,0.009352
KMTC42,I,8282.84243,0.0,0.0,17.006916,0.011177
KMTC42,I,8282.85964,0.0,0.0,16.988781,0.009607
KMTC42,I,8282.88758,0.0,0.0,17.007603,0.011256
KMTC42,I,8282.90082,0.0,0.0,17.014551,0.011164
KMTC42,I,8283.56069,0.0,0.0,16.988523,0.011691
KMTC42,I,8283.57769,0.0,0.0,16.997382,0.010312
KMTC42,I,8283.59458,0.0,0.0,17.01438,0.012048
KMTC42,I,8283.61188,0.0,0.0,17.01935,0.014458
KMTC42,I,8283.62872,0.0,0.0,17.000132,0.011993
KMTC42,I,8283.64917,0.0,0.0,17.021321,0.010833
KMTC42,I,8283.68552,0.0,0.0,17.012064,0.009415
KMTC42,I,8283.70255,0.0,0.0,17.00039,0.01151
KMTC42,I,8283.72944,0.0,0.0,17.00374,0.010782
KMTC42,I,8283.74621,0.0,0.0,17.002881,0.009191
KMTC42,I,8283.76713,0.0,0.0,17.018408,0.008932
KMTC42,I,8283.80348,0.0,0.0,17.025173,0.009396
KMTC42,I,8283.80657,0.0,0.0,16.99807,0.009277
KMTC42,I,8283.82356,0.0,0.0,17.020036,0.009483
KMTC42,I,8283.84052,0.0,0.0,17.00623,0.0099
KMTC42,I,8283.85789,0.0,0.0,17.011979,0.01149
KMTC42,I,8283.87492,0.0,0.0,17.006659,0.012545
KMTC42,I,8283.90712,0.0,0.0,17.007861,0.013027
KMTC42,I,8284.55676,0.0,0.0,17.032701,0.012415
KMTC42,I,8284.5739,0.0,0.0,17.013951,0.012451
KMTC42,I,8284.59064,0.0,0.0,17.004513,0.012872
KMTC42,I,8284.60815,0.0,0.0,17.018579,0.012281
KMTC42,I,8284.62499,0.0,0.0,17.009062,0.011174
KMTC42,I,8284.65521,0.0,0.0,17.015237,0.009887
KMTC42,I,8284.67226,0.0,0.0,17.025516,0.008923
KMTC42,I,8284.6892,0.0,0.0,17.017637,0.009645
KMTC42,I,8284.70588,0.0,0.0,17.027912,0.010982
KMTC42,I,8284.75028,0.0,0.0,17.030649,0.011376
KMTC42,I,8284.78002,0.0,0.0,17.022006,0.009401
KMTC42,I,8284.79708,0.0,0.0,17.022348,0.009638
KMTC42,I,8284.81421,0.0,0.0,17.02834,0.010582
KMTC42,I,8284.81594,0.0,0.0,17.017551,0.01052
KMTC42,I,8284.83303,0.0,0.0,17.026029,0.010188
KMTC42,I,8284.85378,0.0,0.0,17.010778,0.011492
KMTC42,I,8284.87798,0.0,0.0,17.008719,0.011656
KMTC42,I,8284.87951,0.0,0.0,17.009834,0.011975
KMTC42,I,8284.89221,0.0,0.0,17.009234,0.011414
KMTC42,I,8285.53207,0.0,0.0,17.020036,0.014133
KMTC42,I,8285.62631,0.0,0.0,17.027912,0.009709
KMTC42,I,8285.64339,0.0,0.0,17.0333,0.012413
KMTC42,I,8285.66059,0.0,0.0,17.02757,0.009947
KMTC42,I,8285.67785,0.0,0.0,17.033642,0.009938
KMTC42,I,8286.5507,0.0,0.0,17.017208,0.01084
KMTC42,I,8286.56801,0.0,0.0,17.019179,0.010278
KMTC42,I,8286.58503,0.0,0.0,17.013522,0.010207
KMTC42,I,8286.60155,0.0,0.0,17.025516,0.010268
KMTC42,I,8286.61882,0.0,0.0,17.018408,0.010519
KMTC42,I,8286.66152,0.0,0.0,17.031761,0.009545
KMTC42,I,8286.6787,0.0,0.0,17.023376,0.009716
KMTC42,I,8286.69788,0.0,0.0,17.015837,0.009806
KMTC42,I,8286.72434,0.0,0.0,17.020293,0.012358
KMTC42,I,8286.76632,0.0,0.0,17.021492,0.009244
KMTC42,I,8286.78952,0.0,0.0,17.017123,0.009487
KMTC42,I,8286.80668,0.0,0.0,17.025516,0.010348
KMTC42,I,8286.82351,0.0,0.0,17.029452,0.009627
KMTC42,I,8286.84091,0.0,0.0,17.025687,0.011145
KMTC42,I,8286.86251,0.0,0.0,17.020978,0.010674
KMTC42,I,8286.87932,0.0,0.0,17.029366,0.01082
KMTC42,I,8287.53197,0.0,0.0,17.021064,0.013646
KMTC42,I,8287.56779,0.0,0.0,17.022006,0.010992
KMTC42,I,8287.58595,0.0,0.0,17.015237,0.011885
KMTC42,I,8287.62181,0.0,0.0,17.033385,0.010256
KMTC42,I,8287.6389,0.0,0.0,17.022006,0.010035
KMTC42,I,8287.66765,0.0,0.0,17.023804,0.011789
KMTC42,I,8287.68446,0.0,0.0,17.025345,0.010109
KMTC42,I,8287.70123,0.0,0.0,17.039879,0.010007
KMTC42,I,8287.72148,0.0,0.0,17.032274,0.010099
KMTC42,I,8287.73895,0.0,0.0,17.032958,0.009622
KMTC42,I,8287.75906,0.0,0.0,17.017637,0.010042
KMTC42,I,8287.78323,0.0,0.0,17.022006,0.011712
KMTC42,I,8287.80185,0.0,0.0,17.021321,0.011313
KMTC42,I,8287.81905,0.0,0.0,17.038683,0.011362
KMTC42,I,8287.83625,0.0,0.0,17.033898,0.012493
KMTC42,I,8287.85724,0.0,0.0,17.036974,0.012326
KMTC42,I,8287.87648,0.0,0.0,17.033129,0.020677
KMTC42,I,8288.52521,0.0,0.0,17.019179,0.013085
KMTC42,I,8288.55504,0.0,0.0,17.022776,0.012756
KMTC42,I,8288.57168,0.0,0.0,17.026457,0.01307
KMTC42,I,8288.58892,0.0,0.0,17.01155,0.012214
KMTC42,I,8288.61682,0.0,0.0,17.027398,0.012023
KMTC42,I,8288.63352,0.0,0.0,17.022434,0.010592
KMTC42,I,8288.66139,0.0,0.0,17.020635,0.00964
KMTC42,I,8288.6784,0.0,0.0,17.01275,0.009177
KMTC42,I,8288.69542,0.0,0.0,17.041074,0.011358
KMTC42,I,8288.71269,0.0,0.0,17.024317,0.010509
KMTC42,I,8288.73019,0.0,0.0,17.022263,0.010035
KMTC42,I,8288.75767,0.0,0.0,17.021492,0.009718
KMTC42,I,8288.77463,0.0,0.0,17.031077,0.010976
KMTC42,I,8288.79225,0.0,0.0,17.020635,0.010754
KMTC42,I,8288.80945,0.0,0.0,17.019779,0.011396
KMTC42,I,8288.82646,0.0,0.0,17.036889,0.011765
KMTC42,I,8288.84678,0.0,0.0,17.036633,0.012728
KMTC42,I,8288.87623,0.0,0.0,17.009577,0.013509
KMTC42,I,8289.5274,0.0,0.0,17.017208,0.014787
KMTC42,I,8289.54457,0.0,0.0,17.020978,0.013889
KMTC42,I,8289.56332,0.0,0.0,17.036547,0.013291
KMTC42,I,8289.58082,0.0,0.0,17.000991,0.01458
KMTC42,I,8289.60134,0.0,0.0,17.027912,0.011301
KMTC42,I,8289.629,0.0,0.0,17.025345,0.010348
KMTC42,I,8289.64637,0.0,0.0,17.038939,0.00985
KMTC42,I,8289.66297,0.0,0.0,17.012322,0.009971
KMTC42,I,8289.67965,0.0,0.0,17.009663,0.009657
KMTC42,I,8289.69689,0.0,0.0,17.004083,0.009189
KMTC42,I,8289.72627,0.0,0.0,17.008719,0.010056
KMTC42,I,8289.76001,0.0,0.0,17.01618,0.009806
KMTC42,I,8289.77657,0.0,0.0,17.004255,0.010062
KMTC42,I,8289.79461,0.0,0.0,17.00889,0.009341
KMTC42,I,8289.82352,0.0,0.0,17.010864,0.011171
KMTC42,I,8289.84052,0.0,0.0,17.014122,0.01237
KMTC42,I,8289.86504,0.0,0.0,17.024831,0.013396
KMTC42,I,8289.88248,0.0,0.0,17.0058,0.015056
KMTC42,I,8290.52699,0.0,0.0,16.99678,0.014914
KMTC42,I,8290.52851,0.0,0.0,16.974133,0.014313
KMTC42,I,8290.54589,0.0,0.0,16.98594,0.016651
KMTC42,I,8290.56839,0.0,0.0,16.992481,0.01233
KMTC42,I,8290.59252,0.0,0.0,17.004083,0.01352
KMTC42,I,8290.59414,0.0,0.0,17.008976,0.015618
KMTC42,I,8290.61424,0.0,0.0,16.980686,0.010258
KMTC42,I,8290.6307,0.0,0.0,16.998929,0.011673
KMTC42,I,8290.64766,0.0,0.0,17.010177,0.013507
KMTC42,I,8290.66811,0.0,0.0,16.995663,0.021287
KMTC42,I,8290.69491,0.0,0.0,16.990158,0.014848
KMTC42,I,8290.716,0.0,0.0,16.979738,0.014057
KMTC42,I,8290.73265,0.0,0.0,16.987317,0.010328
KMTC42,I,8290.74973,0.0,0.0,16.988781,0.011128
KMTC42,I,8290.76704,0.0,0.0,16.980513,0.010659
KMTC42,I,8290.79512,0.0,0.0,16.975686,0.01131
KMTC42,I,8290.81187,0.0,0.0,17.002108,0.013119
KMTC42,I,8290.8288,0.0,0.0,17.019093,0.015107
KMTC42,I,8290.84594,0.0,0.0,16.984993,0.011859
KMTC42,I,8290.86286,0.0,0.0,16.982839,0.013238
KMTC42,I,8290.87962,0.0,0.0,16.987662,0.014609
KMTC42,I,8291.52708,0.0,0.0,16.932867,0.013252
KMTC42,I,8291.54564,0.0,0.0,16.917927,0.014592
KMTC42,I,8291.56334,0.0,0.0,16.927138,0.012284
KMTC42,I,8291.58301,0.0,0.0,16.93252,0.012845
KMTC42,I,8291.59988,0.0,0.0,16.919145,0.01124
KMTC42,I,8291.62021,0.0,0.0,16.910098,0.011254
KMTC42,I,8291.64426,0.0,0.0,16.921491,0.011561
KMTC42,I,8291.66047,0.0,0.0,16.918014,0.010998
KMTC42,I,8291.67764,0.0,0.0,16.897466,0.013153
KMTC42,I,8291.69493,0.0,0.0,16.902696,0.010049
KMTC42,I,8291.71527,0.0,0.0,16.890574,0.011365
KMTC42,I,8291.74374,0.0,0.0,16.878346,0.010325
KMTC42,I,8291.76065,0.0,0.0,16.864785,0.011567
KMTC42,I,8291.77792,0.0,0.0,16.854357,0.011256
KMTC42,I,8291.79469,0.0,0.0,16.878259,0.012284
KMTC42,I,8291.81378,0.0,0.0,16.889353,0.013743
KMTC42,I,8291.84145,0.0,0.0,16.852252,0.012655
KMTC42,I,8291.86504,0.0,0.0,16.861807,0.015199
KMTC42,I,8291.87558,0.0,0.0,16.842597,0.01449
KMTC42,I,8292.50799,0.0,0.0,17.081753,0.035188
KMTC42,I,8292.52503,0.0,0.0,17.146541,0.018773
KMTC42,I,8292.54157,0.0,0.0,17.175909,0.016058
KMTC42,I,8292.55873,0.0,0.0,17.164214,0.02749
KMTC42,I,8292.58653,0.0,0.0,17.162458,0.019834
KMTC42,I,8292.60725,0.0,0.0,17.132178,0.028772
KMTC42,I,8292.62458,0.0,0.0,17.171652,0.0152
KMTC42,I,8292.64175,0.0,0.0,17.126709,0.019639
KMTC42,I,8292.65882,0.0,0.0,17.170984,0.010798
KMTC42,I,8292.67972,0.0,0.0,17.180664,0.011559
KMTC42,I,8292.70375,0.0,0.0,17.160199,0.010429
KMTC42,I,8292.72699,0.0,0.0,17.185081,0.010771
KMTC42,I,8292.74387,0.0,0.0,17.169647,0.010879
KMTC42,I,8292.76505,0.0,0.0,17.166304,0.01159
KMTC42,I,8292.78583,0.0,0.0,17.157771,0.013971
KMTC42,I,8292.82022,0.0,0.0,17.188911,0.012402
KMTC42,I,8292.83809,0.0,0.0,17.177161,0.011802
KMTC42,I,8292.85576,0.0,0.0,17.146457,0.01305
KMTC42,I,8292.87439,0.0,0.0,17.161537,0.013883
KMTC42,I,8293.56651,0.0,0.0,17.186247,0.017292
KMTC42,I,8293.58347,0.0,0.0,17.179329,0.068817
KMTC42,I,8293.7352,0.0,0.0,17.183748,0.014693
KMTC42,I,8293.75223,0.0,0.0,17.168561,0.018699
KMTC42,I,8293.7699,0.0,0.0,17.184664,0.016506
KMTC42,I,8293.78665,0.0,0.0,17.16296,0.028056
KMTC42,I,8294.51624,0.0,0.0,17.142261,0.034425
KMTC42,I,8294.53683,0.0,0.0,17.167474,0.029392
KMTC42,I,8294.56079,0.0,0.0,17.161705,0.024545
KMTC42,I,8294.57739,0.0,0.0,17.13613,0.028592
KMTC42,I,8294.59477,0.0,0.0,17.150986,0.023071
KMTC42,I,8294.61178,0.0,0.0,17.169062,0.021721
KMTC42,I,8294.6322,0.0,0.0,17.167057,0.028835
KMTC42,I,8294.6566,0.0,0.0,17.182164,0.017464
KMTC42,I,8294.67374,0.0,0.0,17.18033,0.015808
KMTC42,I,8294.69117,0.0,0.0,17.178162,0.021526
KMTC42,I,8294.70819,0.0,0.0,17.174824,0.019869
KMTC42,I,8294.7253,0.0,0.0,17.129486,0.03273
KMTC42,I,8294.75921,0.0,0.0,17.168979,0.021323
KMTC42,I,8294.77628,0.0,0.0,17.178579,0.018189
KMTC42,I,8294.79381,0.0,0.0,17.158776,0.014206
KMTC42,I,8294.8109,0.0,0.0,17.157855,0.018974
KMTC42,I,8294.83051,0.0,0.0,17.142597,0.020864
KMTC42,I,8294.86847,0.0,0.0,17.166137,0.020378
KMTC42,I,8295.51939,0.0,0.0,17.183248,0.029467
KMTC42,I,8295.53674,0.0,0.0,17.148219,0.027809
KMTC42,I,8295.55435,0.0,0.0,17.175826,0.023446
KMTC42,I,8295.57808,0.0,0.0,17.196648,0.019235
KMTC42,I,8295.59484,0.0,0.0,17.175575,0.021218
KMTC42,I,8295.6159,0.0,0.0,17.163545,0.021344
KMTC42,I,8295.64202,0.0,0.0,17.12713,0.018356
KMTC42,I,8295.65865,0.0,0.0,17.187663,0.018554
KMTC42,I,8295.6758,0.0,0.0,17.169898,0.016393
KMTC42,I,8295.6927,0.0,0.0,17.191824,0.02179
KMTC42,I,8295.7168,0.0,0.0,17.171318,0.019484
KMTC42,I,8295.74052,0.0,0.0,17.180997,0.021754
KMTC42,I,8295.75757,0.0,0.0,17.189494,0.018152
KMTC42,I,8295.77518,0.0,0.0,17.154589,0.019065
KMTC42,I,8295.79359,0.0,0.0,17.189328,0.021879
KMTC42,I,8295.81849,0.0,0.0,17.18708,0.020063
KMTC42,I,8295.84567,0.0,0.0,17.200803,0.022149
KMTC42,I,8295.85931,0.0,0.0,17.215816,0.023667
KMTC42,I,8296.51773,0.0,0.0,17.196814,0.031779
KMTC42,I,8296.5346,0.0,0.0,17.107315,0.03035
KMTC42,I,8296.55523,0.0,0.0,17.153332,0.027784
KMTC42,I,8296.57274,0.0,0.0,17.194237,0.029407
KMTC42,I,8296.59004,0.0,0.0,17.164047,0.027491
KMTC42,I,8296.61849,0.0,0.0,17.182914,0.027158
KMTC42,I,8296.63558,0.0,0.0,17.184497,0.025955
KMTC42,I,8296.66326,0.0,0.0,17.146877,0.026693
KMTC42,I,8296.68039,0.0,0.0,17.19723,0.019945
KMTC42,I,8296.69763,0.0,0.0,17.219045,0.029744
KMTC42,I,8296.71779,0.0,0.0,17.196399,0.032895
KMTC42,I,8296.7464,0.0,0.0,17.155594,0.03242
KMTC42,I,8296.76355,0.0,0.0,17.175158,0.039259
KMTC42,I,8296.7813,0.0,0.0,17.228886,0.036015
KMTC42,I,8296.79866,0.0,0.0,17.149309,0.033419
KMTC42,I,8296.82507,0.0,0.0,17.235657,0.03905
KMTC42,I,8296.86651,0.0,0.0,17.21101,0.049884
KMTC42,I,8297.51223,0.0,0.0,17.22996,0.047168
KMTC42,I,8297.52903,0.0,0.0,17.203543,0.043587
KMTC42,I,8297.54652,0.0,0.0,17.189577,0.038198
KMTC42,I,8297.56342,0.0,0.0,17.124099,0.036148
KMTC42,I,8297.58043,0.0,0.0,17.091669,0.033833
KMTC42,I,8297.60815,0.0,0.0,17.19432,0.051556
KMTC42,I,8297.62506,0.0,0.0,17.234336,0.036135
KMTC42,I,8297.64239,0.0,0.0,17.174323,0.037746
KMTC42,I,8297.6592,0.0,0.0,17.121066,0.034795
KMTC42,I,8297.67899,0.0,0.0,17.169062,0.028744
KMTC42,I,8297.70692,0.0,0.0,17.10233,0.028839
KMTC42,I,8297.72448,0.0,0.0,17.184997,0.031849
KMTC42,I,8297.74394,0.0,0.0,17.157018,0.033694
KMTC42,I,8297.7657,0.0,0.0,17.191075,0.035398
KMTC42,I,8297.78276,0.0,0.0,17.159864,0.034719
KMTC42,I,8297.80474,0.0,0.0,17.261663,0.036726
KMTC42,I,8297.82863,0.0,0.0,17.201716,0.033419
KMTC42,I,8297.84966,0.0,0.0,17.201052,0.03398
KMTC42,I,8298.50475,0.0,0.0,17.164381,0.019907
KMTC42,I,8298.5221,0.0,0.0,17.222934,0.021819
KMTC42,I,8298.53914,0.0,0.0,17.174073,0.017886
KMTC42,I,8298.55946,0.0,0.0,17.182164,0.018494
KMTC42,I,8298.58636,0.0,0.0,17.191575,0.01688
KMTC42,I,8298.60333,0.0,0.0,17.17399,0.017411
KMTC42,I,8298.62536,0.0,0.0,17.210595,0.016741
KMTC42,I,8298.64268,0.0,0.0,17.191408,0.015145
KMTC42,I,8298.68933,0.0,0.0,17.20512,0.012442
KMTC42,I,8298.70633,0.0,0.0,17.189411,0.012949
KMTC42,I,8298.72357,0.0,0.0,17.191491,0.013336
KMTC42,I,8298.74212,0.0,0.0,17.198476,0.012145
KMTC42,I,8298.75927,0.0,0.0,17.200886,0.014018
KMTC42,I,8298.79108,0.0,0.0,17.199723,0.016618
KMTC42,I,8298.80789,0.0,0.0,17.17641,0.017958
KMTC42,I,8298.82464,0.0,0.0,17.196482,0.021771
KMTC42,I,8298.84592,0.0,0.0,17.176243,0.023046
KMTC42,I,8298.85602,0.0,0.0,17.15417,0.028661
KMTC42,I,8299.48856,0.0,0.0,17.197313,0.061491
KMTC42,I,8299.50535,0.0,0.0,17.128392,0.055237
KMTC42,I,8299.52613,0.0,0.0,17.168394,0.043231
KMTC42,I,8299.56035,0.0,0.0,17.244148,0.059677
KMTC42,I,8299.57757,0.0,0.0,17.170399,0.054507
KMTC42,I,8299.59476,0.0,0.0,17.160366,0.027829
KMTC42,I,8299.61633,0.0,0.0,17.183414,0.026996
KMTC42,I,8299.63947,0.0,0.0,17.228308,0.03151
KMTC42,I,8299.68807,0.0,0.0,17.187746,0.023713
KMTC42,I,8299.71278,0.0,0.0,17.190992,0.026719
KMTC42,I,8299.73032,0.0,0.0,17.188412,0.021645
KMTC42,I,8299.80558,0.0,0.0,17.243654,0.041278
KMTC42,I,8299.82278,0.0,0.0,17.072585,0.04574
KMTC42,I,8299.83946,0.0,0.0,17.22963,0.047409
KMTC42,I,8299.84922,0.0,0.0,17.289331,0.077458
KMTC42,I,8301.49455,0.0,0.0,17.120476,0.054505
KMTC42,I,8301.51143,0.0,0.0,17.076407,0.041399
KMTC42,I,8301.52812,0.0,0.0,17.217224,0.029676
KMTC42,I,8301.54852,0.0,0.0,17.167224,0.025957
KMTC42,I,8301.5749,0.0,0.0,17.160282,0.02919
KMTC42,I,8301.59185,0.0,0.0,17.201218,0.017244
KMTC42,I,8301.60856,0.0,0.0,17.191741,0.016327
KMTC42,I,8301.62676,0.0,0.0,17.199307,0.014808
KMTC42,I,8301.64685,0.0,0.0,17.192906,0.015692
KMTC42,I,8301.67067,0.0,0.0,17.182831,0.014459
KMTC42,I,8301.68778,0.0,0.0,17.165719,0.024607
KMTC42,I,8301.70471,0.0,0.0,16.605893,0.283281
KMTC42,I,8303.5443,0.0,0.0,17.171819,0.022268
KMTC42,I,8303.56174,0.0,0.0,17.166555,0.021492
KMTC42,I,8305.50354,0.0,0.0,17.113056,0.030239
KMTC42,I,8305.52095,0.0,0.0,17.228308,0.024242
KMTC42,I,8305.54818,0.0,0.0,17.191908,0.021155
KMTC42,I,8305.56483,0.0,0.0,17.188245,0.017682
KMTC42,I,8305.58247,0.0,0.0,17.209849,0.017137
KMTC42,I,8305.59953,0.0,0.0,17.203045,0.017869
KMTC42,I,8305.61925,0.0,0.0,17.147128,0.023327
KMTC42,I,8305.67984,0.0,0.0,17.172821,0.026011
KMTC42,I,8305.69674,0.0,0.0,17.185664,0.018878
KMTC42,I,8305.72876,0.0,0.0,17.167307,0.020613
KMTC42,I,8305.74604,0.0,0.0,17.107315,0.030996
KMTC42,I,8306.48407,0.0,0.0,17.005715,0.073642
KMTC42,I,8306.50804,0.0,0.0,17.628942,0.167643
KMTC42,I,8306.53298,0.0,0.0,17.153584,0.028264
KMTC42,I,8306.54989,0.0,0.0,17.201301,0.018112
KMTC42,I,8306.5672,0.0,0.0,17.1535,0.024741
KMTC42,I,8306.5839,0.0,0.0,17.187663,0.020854
KMTC42,I,8306.60417,0.0,0.0,17.160784,0.018725
KMTC42,I,8306.63025,0.0,0.0,17.194569,0.017977
KMTC42,I,8306.64755,0.0,0.0,17.174657,0.014008
KMTC42,I,8306.66566,0.0,0.0,17.203211,0.012525
KMTC42,I,8306.68235,0.0,0.0,17.183164,0.015168
KMTC42,I,8306.69978,0.0,0.0,17.225911,0.018578
KMTC42,I,8306.72884,0.0,0.0,17.188828,0.015389
KMTC42,I,8306.74565,0.0,0.0,17.219376,0.013266
KMTC42,I,8306.76259,0.0,0.0,17.192573,0.014119
KMTC42,I,8306.77948,0.0,0.0,17.220121,0.015769
KMTC42,I,8306.79677,0.0,0.0,17.176243,0.015187
KMTC42,I,8306.82448,0.0,0.0,17.182664,0.016829
KMTC42,I,8306.83624,0.0,0.0,17.20902,0.016117
KMTC42,I,8307.4952,0.0,0.0,17.213745,0.01681
KMTC42,I,8307.51211,0.0,0.0,17.223679,0.015209
KMTC42,I,8307.52933,0.0,0.0,17.204871,0.015343
KMTC42,I,8307.54669,0.0,0.0,17.206531,0.011582
KMTC42,I,8307.56379,0.0,0.0,17.197978,0.012615
KMTC42,I,8307.58448,0.0,0.0,17.189328,0.012166
KMTC42,I,8307.60848,0.0,0.0,17.20263,0.011435
KMTC42,I,8307.62639,0.0,0.0,17.204373,0.010654
KMTC42,I,8307.6437,0.0,0.0,17.196565,0.009973
KMTC42,I,8307.66191,0.0,0.0,17.197978,0.011133
KMTC42,I,8307.68273,0.0,0.0,17.211507,0.011726
KMTC42,I,8307.70647,0.0,0.0,17.19831,0.011755
KMTC42,I,8307.7234,0.0,0.0,17.201716,0.011281
KMTC42,I,8307.74069,0.0,0.0,17.22219,0.011392
KMTC42,I,8307.7577,0.0,0.0,17.221528,0.01217
KMTC42,I,8307.77446,0.0,0.0,17.195068,0.011919
KMTC42,I,8307.77582,0.0,0.0,17.211839,0.012348
KMTC42,I,8307.80282,0.0,0.0,17.161621,0.013804
KMTC42,I,8307.81975,0.0,0.0,17.202796,0.014092
KMTC42,I,8307.83353,0.0,0.0,17.193738,0.016479
KMTC42,I,8308.4781,0.0,0.0,17.206033,0.016835
KMTC42,I,8308.4959,0.0,0.0,17.209351,0.01251
KMTC42,I,8308.49865,0.0,0.0,17.182164,0.011713
KMTC42,I,8308.50991,0.0,0.0,17.216561,0.011948
KMTC42,I,8308.52688,0.0,0.0,17.198144,0.011912
KMTC42,I,8308.54361,0.0,0.0,17.203294,0.012212
KMTC42,I,8308.56078,0.0,0.0,17.19723,0.016468
KMTC42,I,8308.58887,0.0,0.0,17.20761,0.012592
KMTC42,I,8308.6087,0.0,0.0,17.194652,0.010519
KMTC42,I,8308.62769,0.0,0.0,17.212419,0.010716
KMTC42,I,8308.64681,0.0,0.0,17.192656,0.010756
KMTC42,I,8308.66398,0.0,0.0,17.19723,0.012226
KMTC42,I,8308.68545,0.0,0.0,17.201301,0.011437
KMTC42,I,8308.70961,0.0,0.0,17.197728,0.011835
KMTC42,I,8308.72602,0.0,0.0,17.215567,0.011484
KMTC42,I,8308.7431,0.0,0.0,17.216644,0.012571
KMTC42,I,8308.75972,0.0,0.0,17.211341,0.013991
KMTC42,I,8308.78031,0.0,0.0,17.215899,0.013978
KMTC42,I,8308.80643,0.0,0.0,17.208937,0.015488
KMTC42,I,8308.82823,0.0,0.0,17.182247,0.015013
KMTC42,I,8309.48354,0.0,0.0,17.227316,0.013636
KMTC42,I,8309.50094,0.0,0.0,17.189328,0.012714
KMTC42,I,8309.52266,0.0,0.0,17.210761,0.012819
KMTC42,I,8309.53958,0.0,0.0,17.187663,0.013424
KMTC42,I,8309.57151,0.0,0.0,17.193904,0.014744
KMTC42,I,8309.58819,0.0,0.0,17.2231,0.0124
KMTC42,I,8309.61008,0.0,0.0,17.201633,0.009655
KMTC42,I,8309.62692,0.0,0.0,17.19565,0.010517
KMTC42,I,8309.64401,0.0,0.0,17.198643,0.010201
KMTC42,I,8309.67209,0.0,0.0,17.206697,0.011581
KMTC42,I,8309.67674,0.0,0.0,17.206116,0.010419
KMTC42,I,8309.69503,0.0,0.0,17.204622,0.011352
KMTC42,I,8309.71181,0.0,0.0,17.200221,0.010276
KMTC42,I,8309.72863,0.0,0.0,17.217389,0.012491
KMTC42,I,8309.74573,0.0,0.0,17.202464,0.011357
KMTC42,I,8309.76589,0.0,0.0,17.182831,0.012259
KMTC42,I,8309.79511,0.0,0.0,17.196897,0.011759
KMTC42,I,8309.81258,0.0,0.0,17.193904,0.014272
KMTC42,I,8309.82657,0.0,0.0,17.194486,0.013564
KMTC42,I,8310.47386,0.0,0.0,17.196897,0.016311
KMTC42,I,8310.49236,0.0,0.0,17.207527,0.014628
KMTC42,I,8310.50993,0.0,0.0,17.205535,0.01291
KMTC42,I,8310.56586,0.0,0.0,17.19856,0.011521
KMTC42,I,8310.58359,0.0,0.0,17.217307,0.012569
KMTC42,I,8310.60101,0.0,0.0,17.20155,0.01097
KMTC42,I,8310.61803,0.0,0.0,17.201965,0.012684
KMTC42,I,8310.63705,0.0,0.0,17.193904,0.011297
KMTC42,I,8310.66455,0.0,0.0,17.210844,0.011261
KMTC42,I,8310.68169,0.0,0.0,17.204622,0.011897
KMTC42,I,8310.6984,0.0,0.0,17.210927,0.010255
KMTC42,I,8310.71516,0.0,0.0,17.213579,0.01025
KMTC42,I,8310.73178,0.0,0.0,17.20678,0.011115
KMTC42,I,8310.77658,0.0,0.0,17.211093,0.014461
KMTC42,I,8310.79357,0.0,0.0,17.179913,0.017709
KMTC42,I,8310.81966,0.0,0.0,17.195318,0.013091
KMTC42,I,8311.46239,0.0,0.0,17.174323,0.020746
KMTC42,I,8311.48091,0.0,0.0,17.195068,0.016001
KMTC42,I,8311.50128,0.0,0.0,17.208937,0.014624
KMTC42,I,8311.53033,0.0,0.0,17.225167,0.01497
KMTC42,I,8311.54755,0.0,0.0,17.215816,0.01822
KMTC42,I,8311.56631,0.0,0.0,17.205203,0.012598
KMTC42,I,8311.58267,0.0,0.0,17.205867,0.011661
KMTC42,I,8311.59979,0.0,0.0,17.201052,0.012374
KMTC42,I,8311.62816,0.0,0.0,17.210512,0.012976
KMTC42,I,8311.65594,0.0,0.0,17.202879,0.012995
KMTC42,I,8311.67298,0.0,0.0,17.204373,0.011509
KMTC42,I,8311.68979,0.0,0.0,17.204788,0.012834
KMTC42,I,8311.70645,0.0,0.0,17.205535,0.012363
KMTC42,I,8311.7341,0.0,0.0,17.211093,0.0136
KMTC42,I,8311.75113,0.0,0.0,17.210429,0.013054
KMTC42,I,8311.76778,0.0,0.0,17.187746,0.013738
KMTC42,I,8311.78478,0.0,0.0,17.194819,0.01427
KMTC42,I,8311.80186,0.0,0.0,17.193738,0.015848
KMTC42,I,8311.81185,0.0,0.0,17.213082,0.017284
KMTC42,I,8312.46438,0.0,0.0,17.189078,0.023071
KMTC42,I,8312.48556,0.0,0.0,17.215319,0.016962
KMTC42,I,8312.50957,0.0,0.0,17.223679,0.015366
KMTC42,I,8312.52683,0.0,0.0,17.214408,0.014609
KMTC42,I,8312.54359,0.0,0.0,17.225746,0.013094
KMTC42,I,8312.56006,0.0,0.0,17.200554,0.012062
KMTC42,I,8312.58875,0.0,0.0,17.235244,0.016897
KMTC42,I,8312.61327,0.0,0.0,17.216893,0.011792
KMTC42,I,8312.63296,0.0,0.0,17.230208,0.012693
KMTC42,I,8312.65011,0.0,0.0,17.211341,0.013912
KMTC42,I,8312.68355,0.0,0.0,17.20155,0.012607
KMTC42,I,8312.71126,0.0,0.0,17.224175,0.012319
KMTC42,I,8312.72803,0.0,0.0,17.198476,0.012692
KMTC42,I,8312.74657,0.0,0.0,17.224919,0.012706
KMTC42,I,8312.76762,0.0,0.0,17.215816,0.013119
KMTC42,I,8312.78433,0.0,0.0,17.2207,0.014513
KMTC42,I,8312.81057,0.0,0.0,17.206365,0.016755
KMTC42,I,8313.48998,0.0,0.0,17.203377,0.015347
KMTC42,I,8313.50766,0.0,0.0,17.212419,0.018626
KMTC42,I,8313.52468,0.0,0.0,17.207775,0.011968
KMTC42,I,8313.54212,0.0,0.0,17.218797,0.01171
KMTC42,I,8313.5597,0.0,0.0,17.228308,0.015431
KMTC42,I,8313.58127,0.0,0.0,17.208439,0.011577
KMTC42,I,8313.60552,0.0,0.0,17.2096,0.010876
KMTC42,I,8313.62716,0.0,0.0,17.213248,0.013985
KMTC42,I,8313.64458,0.0,0.0,17.195068,0.013484
KMTC42,I,8313.66122,0.0,0.0,17.22682,0.011769
KMTC42,I,8313.68161,0.0,0.0,17.225663,0.01123
KMTC42,I,8313.70614,0.0,0.0,17.214159,0.011954
KMTC42,I,8313.72304,0.0,0.0,17.206614,0.012985
KMTC42,I,8313.74,0.0,0.0,17.200304,0.014491
KMTC42,I,8313.75724,0.0,0.0,17.201799,0.013154
KMTC42,I,8313.80127,0.0,0.0,17.204207,0.015345
KMTC42,I,8313.81118,0.0,0.0,17.222107,0.01639
KMTC42,I,8314.46398,0.0,0.0,17.206614,0.017936
KMTC42,I,8314.48524,0.0,0.0,17.205618,0.014006
KMTC42,I,8314.50435,0.0,0.0,17.215153,0.014137
KMTC42,I,8314.52141,0.0,0.0,17.196814,0.012618
KMTC42,I,8314.54071,0.0,0.0,17.218714,0.01171
KMTC42,I,8314.56881,0.0,0.0,17.212833,0.012112
KMTC42,I,8314.58644,0.0,0.0,17.20155,0.011359
KMTC42,I,8314.60321,0.0,0.0,17.215485,0.011795
KMTC42,I,8314.61995,0.0,0.0,17.212502,0.010948
KMTC42,I,8314.63787,0.0,0.0,17.197895,0.011133
KMTC42,I,8314.65894,0.0,0.0,17.203543,0.014796
KMTC42,I,8314.68249,0.0,0.0,17.220949,0.009927
KMTC42,I,8314.69977,0.0,0.0,17.210512,0.010333
KMTC42,I,8314.72059,0.0,0.0,17.187246,0.012405
KMTC42,I,8314.73794,0.0,0.0,17.217058,0.011947
KMTC42,I,8314.75854,0.0,0.0,17.206614,0.012595
KMTC42,I,8314.78279,0.0,0.0,17.173405,0.011966
KMTC42,I,8314.79963,0.0,0.0,17.207195,0.015336
KMTC42,I,8314.8117,0.0,0.0,17.205867,0.014005
KMTC42,I,8315.46122,0.0,0.0,17.240852,0.024418
KMTC42,I,8315.47828,0.0,0.0,17.168979,0.015366
KMTC42,I,8315.49554,0.0,0.0,17.206033,0.021969
KMTC42,I,8315.51938,0.0,0.0,17.201301,0.047348
KMTC42,I,8315.54762,0.0,0.0,17.066636,0.142387
KMTC42,I,8316.47289,0.0,0.0,17.197147,0.013714
KMTC42,I,8316.48942,0.0,0.0,17.208522,0.012981
KMTC42,I,8316.50628,0.0,0.0,17.212502,0.012035
KMTC42,I,8316.52318,0.0,0.0,17.234501,0.010747
KMTC42,I,8316.54003,0.0,0.0,17.244725,0.027785
KMTC42,I,8316.56879,0.0,0.0,17.210346,0.012976
KMTC42,I,8316.58694,0.0,0.0,17.220618,0.015767
KMTC42,I,8316.61193,0.0,0.0,17.223348,0.01725
KMTC42,I,8316.62843,0.0,0.0,17.210181,0.015956
KMTC42,I,8316.64827,0.0,0.0,17.236977,0.014624
KMTC42,I,8316.66947,0.0,0.0,17.24011,0.015005
KMTC42,I,8316.6969,0.0,0.0,17.22525,0.017165
KMTC42,I,8316.71413,0.0,0.0,17.225828,0.010534
KMTC42,I,8316.73248,0.0,0.0,17.210761,0.012195
KMTC42,I,8316.74892,0.0,0.0,17.210512,0.012429
KMTC42,I,8316.76904,0.0,0.0,17.218217,0.012567
KMTC42,I,8316.78922,0.0,0.0,17.227977,0.012232
KMTC42,I,8318.76257,0.0,0.0,17.207527,0.019275
KMTC42,I,8318.80038,0.0,0.0,17.194153,0.023367
KMTC42,I,8319.69545,0.0,0.0,17.170148,0.028579
KMTC42,I,8320.48368,0.0,0.0,17.203958,0.017709
KMTC42,I,8320.50057,0.0,0.0,17.215899,0.015939
KMTC42,I,8320.528,0.0,0.0,17.220038,0.014828
KMTC42,I,8320.54494,0.0,0.0,17.203958,0.014167
KMTC42,I,8320.56262,0.0,0.0,17.208854,0.013449
KMTC42,I,8320.57961,0.0,0.0,17.208439,0.0115
KMTC42,I,8320.59829,0.0,0.0,17.220452,0.012172
KMTC42,I,8320.61937,0.0,0.0,17.232603,0.013778
KMTC42,I,8320.64504,0.0,0.0,17.225002,0.011386
KMTC42,I,8320.66213,0.0,0.0,17.208356,0.011112
KMTC42,I,8320.67931,0.0,0.0,17.209932,0.012041
KMTC42,I,8320.69656,0.0,0.0,17.21623,0.011328
KMTC42,I,8320.71672,0.0,0.0,17.213082,0.012657
KMTC42,I,8320.74082,0.0,0.0,17.208024,0.012591
KMTC42,I,8320.75778,0.0,0.0,17.210761,0.013522
KMTC42,I,8320.775,0.0,0.0,17.215236,0.01492
KMTC42,I,8320.79417,0.0,0.0,17.199557,0.020491
KMTC42,I,8321.4732,0.0,0.0,17.218217,0.016874
KMTC42,I,8321.49061,0.0,0.0,17.210927,0.02868
KMTC42,I,8321.51819,0.0,0.0,17.273961,0.034204
KMTC42,I,8321.57066,0.0,0.0,17.058638,0.10351
KMTC42,I,8321.58751,0.0,0.0,16.755536,0.325005
KMTC42,I,8322.47127,0.0,0.0,17.193987,0.113963
KMTC42,I,8322.48839,0.0,0.0,17.159948,0.102546
KMTC42,I,8322.50522,0.0,0.0,17.222852,0.025531
KMTC42,I,8322.52248,0.0,0.0,17.229878,0.017386
KMTC42,I,8322.53953,0.0,0.0,17.184331,0.016349
KMTC42,I,8322.56141,0.0,0.0,17.213993,0.015159
KMTC42,I,8322.58753,0.0,0.0,17.18683,0.020301
KMTC42,I,8322.60411,0.0,0.0,17.228556,0.015743
KMTC42,I,8322.62454,0.0,0.0,17.172069,0.039841
KMTC42,I,8322.6419,0.0,0.0,17.201882,0.023333
KMTC42,I,8322.66332,0.0,0.0,17.254763,0.024665
KMTC42,I,8322.68717,0.0,0.0,17.242336,0.051084
KMTC42,I,8322.70416,0.0,0.0,17.197562,0.032888
KMTC42,I,8322.72386,0.0,0.0,17.269292,0.051831
KMTC42,I,8322.74129,0.0,0.0,17.156515,0.059623
KMTC42,I,8322.75818,0.0,0.0,17.223761,0.041597
KMTC42,I,8322.79496,0.0,0.0,17.224919,0.046501
KMTC42,I,8323.46639,0.0,0.0,17.21275,0.028195
KMTC42,I,8323.48326,0.0,0.0,17.193987,0.025592
KMTC42,I,8323.50044,0.0,0.0,17.228391,0.021087
KMTC42,I,8323.51762,0.0,0.0,17.219956,0.023016
KMTC42,I,8323.53466,0.0,0.0,17.226903,0.026459
KMTC42,I,8323.56227,0.0,0.0,17.21565,0.017827
KMTC42,I,8323.58336,0.0,0.0,17.21333,0.018623
KMTC42,I,8323.59997,0.0,0.0,17.214988,0.018144
KMTC42,I,8323.61727,0.0,0.0,17.220038,0.020569
KMTC42,I,8323.63398,0.0,0.0,17.22682,0.022828
KMTC42,I,8323.65451,0.0,0.0,17.181831,0.020082
KMTC42,I,8323.67856,0.0,0.0,17.228804,0.024318
KMTC42,I,8323.695,0.0,0.0,17.232933,0.022486
KMTC42,I,8323.71207,0.0,0.0,17.175742,0.028231
KMTC42,I,8323.72905,0.0,0.0,17.201467,0.025001
KMTC42,I,8323.74972,0.0,0.0,17.217058,0.034353
KMTC42,I,8323.77377,0.0,0.0,17.180997,0.030596
KMTC42,I,8323.78783,0.0,0.0,17.183248,0.037444
KMTC42,I,8324.46511,0.0,0.0,17.243983,0.060232
KMTC42,I,8324.48177,0.0,0.0,17.264125,0.051649
KMTC42,I,8324.49861,0.0,0.0,17.191242,0.044406
KMTC42,I,8324.51587,0.0,0.0,17.130496,0.03651
KMTC42,I,8324.53285,0.0,0.0,17.234666,0.03313
KMTC42,I,8324.56101,0.0,0.0,17.186497,0.031202
KMTC42,I,8324.57815,0.0,0.0,17.232933,0.029744
KMTC42,I,8324.59499,0.0,0.0,17.207029,0.031877
KMTC42,I,8324.61202,0.0,0.0,17.208854,0.024015
KMTC42,I,8324.62894,0.0,0.0,17.253859,0.028285
KMTC42,I,8324.65876,0.0,0.0,17.259118,0.028569
KMTC42,I,8324.67577,0.0,0.0,17.246372,0.027382
KMTC42,I,8324.69266,0.0,0.0,17.200637,0.026671
KMTC42,I,8324.70963,0.0,0.0,17.196399,0.031065
KMTC42,I,8324.72843,0.0,0.0,17.220452,0.029261
KMTC42,I,8324.74849,0.0,0.0,17.167809,0.028991
KMTC42,I,8324.77401,0.0,0.0,17.191408,0.043926
KMTC42,I,8324.78245,0.0,0.0,17.19939,0.041073
KMTC42,I,8325.49218,0.0,0.0,17.192157,0.024567
KMTC42,I,8325.50969,0.0,0.0,17.21275,0.02376
KMTC42,I,8325.53488,0.0,0.0,17.228143,0.031353
KMTC42,I,8325.55713,0.0,0.0,17.203709,0.034837
KMTC42,I,8325.58125,0.0,0.0,17.141674,0.031214
KMTC42,I,8325.5981,0.0,0.0,17.166304,0.041004
KMTC42,I,8325.61495,0.0,0.0,17.104527,0.080917
KMTC42,I,8325.63235,0.0,0.0,17.261253,0.029892
KMTC42,I,8325.6596,0.0,0.0,17.216644,0.03269
KMTC42,I,8325.68745,0.0,0.0,17.207195,0.037993
KMTC42,I,8325.69108,0.0,0.0,17.204456,0.063957
KMTC42,I,8325.7086,0.0,0.0,17.188578,0.054325
KMTC42,I,8325.72523,0.0,0.0,17.25427,0.055299
KMTC42,I,8325.74253,0.0,0.0,17.272733,0.058943
KMTC42,I,8325.77287,0.0,0.0,17.072925,0.112564
KMTC42,I,8327.71232,0.0,0.0,17.21217,0.018627
KMTC42,I,8327.74446,0.0,0.0,17.198476,0.022476
KMTC42,I,8327.76157,0.0,0.0,17.183998,0.023888
KMTC42,I,8327.77606,0.0,0.0,17.169062,0.026428
KMTC42,I,8328.46968,0.0,0.0,17.189078,0.022277
KMTC42,I,8328.47117,0.0,0.0,17.209849,0.019661
KMTC42,I,8328.48793,0.0,0.0,17.211839,0.02068
KMTC42,I,8328.5046,0.0,0.0,17.202049,0.023412
KMTC42,I,8328.52199,0.0,0.0,17.240935,0.025442
KMTC42,I,8328.54292,0.0,0.0,17.226986,0.017317
KMTC42,I,8328.56879,0.0,0.0,17.234171,0.017293
KMTC42,I,8328.58987,0.0,0.0,17.193239,0.01577
KMTC42,I,8328.60688,0.0,0.0,17.207361,0.013688
KMTC42,I,8328.62645,0.0,0.0,17.236812,0.012988
KMTC42,I,8328.65845,0.0,0.0,17.211341,0.012661
KMTC42,I,8328.69324,0.0,0.0,17.220618,0.013653
KMTC42,I,8328.71022,0.0,0.0,17.219542,0.01483
KMTC42,I,8328.7271,0.0,0.0,17.214325,0.018462
KMTC42,I,8328.74431,0.0,0.0,17.220287,0.016082
KMTC42,I,8328.76095,0.0,0.0,17.20072,0.018667
KMTC42,I,8328.78296,0.0,0.0,17.203294,0.017001
KMTC42,I,8329.49234,0.0,0.0,17.229134,0.014411
KMTC42,I,8329.50954,0.0,0.0,17.211756,0.01855
KMTC42,I,8329.52625,0.0,0.0,17.20512,0.013772
KMTC42,I,8329.54347,0.0,0.0,17.198144,0.011912
KMTC42,I,8329.56002,0.0,0.0,17.20902,0.011654
KMTC42,I,8329.58047,0.0,0.0,17.223761,0.011002
KMTC42,I,8329.60444,0.0,0.0,17.227812,0.012078
KMTC42,I,8329.6218,0.0,0.0,17.206282,0.01166
KMTC42,I,8329.63894,0.0,0.0,17.223182,0.012011
KMTC42,I,8329.65576,0.0,0.0,17.215733,0.011872
KMTC42,I,8329.68232,0.0,0.0,17.205867,0.012284
KMTC42,I,8329.70904,0.0,0.0,17.227812,0.013868
KMTC42,I,8329.72965,0.0,0.0,17.215733,0.012028
KMTC42,I,8329.74692,0.0,0.0,17.230621,0.014954
KMTC42,I,8329.76072,0.0,0.0,17.223927,0.016699
KMTC42,I,8330.4735,0.0,0.0,17.201467,0.02286
KMTC42,I,8330.49105,0.0,0.0,17.228886,0.03293
KMTC42,I,8330.50915,0.0,0.0,17.216975,0.02216
KMTC42,I,8330.53754,0.0,0.0,17.199224,0.011364
KMTC42,I,8330.55469,0.0,0.0,17.216644,0.013273
KMTC42,I,8330.57205,0.0,0.0,17.212004,0.011414
KMTC42,I,8330.58902,0.0,0.0,17.190743,0.016488
KMTC42,I,8330.60562,0.0,0.0,17.186247,0.013428
KMTC42,I,8330.64027,0.0,0.0,17.24044,0.026547
KMTC42,I,8330.6571,0.0,0.0,17.229134,0.022581
KMTC42,I,8330.67425,0.0,0.0,17.217141,0.029597
KMTC42,I,8330.6759,0.0,0.0,17.189328,0.027682
KMTC42,I,8330.69284,0.0,0.0,17.216064,0.01948
KMTC42,I,8330.70926,0.0,0.0,17.243819,0.050121
KMTC42,I,8330.73076,0.0,0.0,17.136382,0.178638
KMTC42,I,8331.4691,0.0,0.0,17.222024,0.012869
KMTC42,I,8331.48589,0.0,0.0,17.212668,0.012191
KMTC42,I,8331.50261,0.0,0.0,17.209849,0.011574
KMTC42,I,8331.51919,0.0,0.0,17.218052,0.011169
KMTC42,I,8331.54049,0.0,0.0,17.222024,0.01178
KMTC42,I,8331.56434,0.0,0.0,17.211756,0.012582
KMTC42,I,8331.58088,0.0,0.0,17.218135,0.010472
KMTC42,I,8331.5976,0.0,0.0,17.217389,0.010705
KMTC42,I,8331.6168,0.0,0.0,17.1959,0.01466
KMTC42,I,8331.63385,0.0,0.0,17.227647,0.010376
KMTC42,I,8331.66246,0.0,0.0,17.226242,0.020545
KMTC42,I,8331.67961,0.0,0.0,17.226738,0.010378
KMTC42,I,8331.69664,0.0,0.0,17.222769,0.010694
KMTC42,I,8331.7136,0.0,0.0,17.219294,0.011786
KMTC42,I,8331.73058,0.0,0.0,17.212253,0.013597
KMTC42,I,8331.7591,0.0,0.0,17.225498,0.015282
KMTC42,I,8331.76787,0.0,0.0,17.22649,0.013014
KMTC42,I,8332.48818,0.0,0.0,17.214325,0.01281
KMTC42,I,8332.50509,0.0,0.0,17.231364,0.012768
KMTC42,I,8332.52203,0.0,0.0,17.215567,0.011407
KMTC42,I,8332.53914,0.0,0.0,17.220369,0.010931
KMTC42,I,8332.55662,0.0,0.0,17.221859,0.011548
KMTC42,I,8332.57725,0.0,0.0,17.231942,0.01029
KMTC42,I,8332.61904,0.0,0.0,17.225994,0.012548
KMTC42,I,8332.63594,0.0,0.0,17.214656,0.015471
KMTC42,I,8332.65293,0.0,0.0,17.218466,0.011478
KMTC42,I,8332.675,0.0,0.0,17.219128,0.010857
KMTC42,I,8332.69859,0.0,0.0,17.205618,0.013692
KMTC42,I,8332.71752,0.0,0.0,17.208024,0.015019
KMTC42,I,8332.73421,0.0,0.0,17.208688,0.016826
KMTC42,I,8332.75335,0.0,0.0,17.22649,0.020465
KMTC42,I,8332.76634,0.0,0.0,17.239038,0.015008
KMTC42,I,8333.47584,0.0,0.0,17.237142,0.016734
KMTC42,I,8333.49294,0.0,0.0,17.214988,0.016098
KMTC42,I,8333.52067,0.0,0.0,17.217638,0.014913
KMTC42,I,8333.53967,0.0,0.0,17.243736,0.015853
KMTC42,I,8333.57852,0.0,0.0,17.229878,0.030394
KMTC42,I,8334.46551,0.0,0.0,17.213165,0.027717
KMTC42,I,8334.46822,0.0,0.0,17.239121,0.023482
KMTC42,I,8334.48509,0.0,0.0,17.208356,0.015018
KMTC42,I,8334.50185,0.0,0.0,17.214242,0.015002
KMTC42,I,8334.51759,0.0,0.0,17.219625,0.013265
KMTC42,I,8334.54586,0.0,0.0,17.241759,0.011967
KMTC42,I,8334.56315,0.0,0.0,17.202381,0.011824
KMTC42,I,8334.58028,0.0,0.0,17.206697,0.013376
KMTC42,I,8334.59898,0.0,0.0,17.217638,0.01148
KMTC42,I,8334.61602,0.0,0.0,17.203294,0.011122
KMTC42,I,8334.63648,0.0,0.0,17.219707,0.011786
KMTC42,I,8334.66082,0.0,0.0,17.203875,0.011587
KMTC42,I,8334.67765,0.0,0.0,17.199141,0.012691
KMTC42,I,8334.6948,0.0,0.0,17.197728,0.013085
KMTC42,I,8334.71233,0.0,0.0,17.221362,0.013886
KMTC42,I,8334.73428,0.0,0.0,17.211756,0.016108
KMTC42,I,8334.7582,0.0,0.0,17.194237,0.015452
KMTC42,I,8335.48676,0.0,0.0,17.20902,0.012823
KMTC42,I,8335.51413,0.0,0.0,17.236069,0.021292
KMTC42,I,8335.53557,0.0,0.0,17.230538,0.020134
KMTC42,I,8335.55275,0.0,0.0,17.223182,0.012322
KMTC42,I,8335.56997,0.0,0.0,17.204788,0.01495
KMTC42,I,8335.59778,0.0,0.0,17.210927,0.013992
KMTC42,I,8335.61457,0.0,0.0,17.188911,0.020849
KMTC42,I,8335.63152,0.0,0.0,17.223017,0.012322
KMTC42,I,8335.64876,0.0,0.0,17.219707,0.012096
KMTC42,I,8335.66608,0.0,0.0,17.19249,0.012472
KMTC42,I,8335.69423,0.0,0.0,17.216478,0.013586
KMTC42,I,8335.71135,0.0,0.0,17.201384,0.017323
KMTC42,I,8335.72796,0.0,0.0,17.203045,0.022853
KMTC42,I,8335.74511,0.0,0.0,17.231199,0.020289
KMTC42,I,8335.75363,0.0,0.0,17.200886,0.024765
KMTC42,I,8336.47234,0.0,0.0,17.204207,0.011587
KMTC42,I,8336.48978,0.0,0.0,17.241676,0.018599
KMTC42,I,8336.51013,0.0,0.0,17.222852,0.011856
KMTC42,I,8336.53452,0.0,0.0,17.249088,0.023436
KMTC42,I,8336.55151,0.0,0.0,17.244395,0.015616
KMTC42,I,8336.57868,0.0,0.0,17.228804,0.009376
KMTC42,I,8336.59646,0.0,0.0,17.214656,0.009785
KMTC42,I,8336.61747,0.0,0.0,17.215982,0.010014
KMTC42,I,8336.65806,0.0,0.0,17.229299,0.011996
KMTC42,I,8336.67521,0.0,0.0,17.220121,0.01194
KMTC42,I,8336.6923,0.0,0.0,17.226324,0.010456
KMTC42,I,8336.71246,0.0,0.0,17.221776,0.014667
KMTC42,I,8336.72975,0.0,0.0,17.233181,0.011755
KMTC42,I,8336.75245,0.0,0.0,17.239286,0.013215
KMTC42,I,8338.50684,0.0,0.0,17.225084,0.022363
KMTC42,I,8338.52364,0.0,0.0,17.207195,0.019276
KMTC42,I,8338.54049,0.0,0.0,17.206946,0.017226
KMTC42,I,8338.56162,0.0,0.0,17.21275,0.019335
KMTC42,I,8338.5784,0.0,0.0,17.224423,0.014894
KMTC42,I,8338.60014,0.0,0.0,17.1959,0.014817
KMTC42,I,8338.62457,0.0,0.0,17.179163,0.01684
KMTC42,I,8338.64168,0.0,0.0,17.221445,0.014746
KMTC42,I,8338.65881,0.0,0.0,17.2183,0.016638
KMTC42,I,8338.67568,0.0,0.0,17.227647,0.016687
KMTC42,I,8338.69626,0.0,0.0,17.218631,0.018053
KMTC42,I,8338.72038,0.0,0.0,17.22649,0.019048
KMTC42,I,8338.73208,0.0,0.0,17.21333,0.020438
KMTC42,I,8339.47078,0.0,0.0,17.223679,0.013723
KMTC42,I,8339.49077,0.0,0.0,17.227647,0.016138
KMTC42,I,8339.50916,0.0,0.0,17.218549,0.010549
KMTC42,I,8339.53109,0.0,0.0,17.211839,0.010949
KMTC42,I,8339.57543,0.0,0.0,17.224423,0.009921
KMTC42,I,8339.59906,0.0,0.0,17.217886,0.010087
KMTC42,I,8339.61635,0.0,0.0,17.230373,0.012693
KMTC42,I,8339.63867,0.0,0.0,17.194985,0.010906
KMTC42,I,8339.65555,0.0,0.0,17.219542,0.011941
KMTC42,I,8339.6883,0.0,0.0,17.21681,0.011714
KMTC42,I,8339.70537,0.0,0.0,17.211839,0.01352
KMTC42,I,8339.72271,0.0,0.0,17.209766,0.01376
KMTC42,I,8339.74055,0.0,0.0,17.226242,0.013716
KMTC42,I,8340.47703,0.0,0.0,17.211093,0.012506
KMTC42,I,8340.49719,0.0,0.0,17.211093,0.012194
KMTC42,I,8340.52134,0.0,0.0,17.212668,0.01118
KMTC42,I,8340.54207,0.0,0.0,17.201218,0.016692
KMTC42,I,8340.55912,0.0,0.0,17.227729,0.013401
KMTC42,I,8340.57642,0.0,0.0,17.239451,0.011431
KMTC42,I,8340.5967,0.0,0.0,17.237472,0.011513
KMTC42,I,8340.62112,0.0,0.0,17.231199,0.011604
KMTC42,I,8340.63818,0.0,0.0,17.232438,0.0137
KMTC42,I,8340.66129,0.0,0.0,17.253448,0.013566
KMTC42,I,8340.67858,0.0,0.0,17.206116,0.013769
KMTC42,I,8340.69506,0.0,0.0,17.199806,0.016697
KMTC42,I,8340.72256,0.0,0.0,17.228143,0.014024
KMTC42,I,8340.73786,0.0,0.0,17.233841,0.01698
KMTC42,I,8341.48004,0.0,0.0,17.214573,0.013591
KMTC42,I,8341.49662,0.0,0.0,17.238709,0.013917
KMTC42,I,8341.51483,0.0,0.0,17.221528,0.015529
KMTC42,I,8341.53201,0.0,0.0,17.219376,0.012019
KMTC42,I,8341.56026,0.0,0.0,17.220204,0.018362
KMTC42,I,8341.57779,0.0,0.0,17.238874,0.010661
KMTC42,I,8341.59534,0.0,0.0,17.233841,0.010672
KMTC42,I,8341.61265,0.0,0.0,17.204871,0.012131
KMTC42,I,8341.62945,0.0,0.0,17.223679,0.012632
KMTC42,I,8341.64982,0.0,0.0,17.211424,0.011882
KMTC42,I,8341.6756,0.0,0.0,17.19723,0.014106
KMTC42,I,8341.6927,0.0,0.0,17.21979,0.014124
KMTC42,I,8341.716,0.0,0.0,17.241512,0.013831
KMTC42,I,8342.48186,0.0,0.0,17.22963,0.012773
KMTC42,I,8342.49933,0.0,0.0,17.222355,0.011702
KMTC42,I,8342.52228,0.0,0.0,17.217969,0.011479
KMTC42,I,8342.54633,0.0,0.0,17.221031,0.012093
KMTC42,I,8342.56349,0.0,0.0,17.226738,0.015279
KMTC42,I,8342.58576,0.0,0.0,17.235739,0.01113
KMTC42,I,8342.60272,0.0,0.0,17.227564,0.012233
KMTC42,I,8342.6198,0.0,0.0,17.242088,0.011271
KMTC42,I,8342.64688,0.0,0.0,17.21333,0.011956
KMTC42,I,8342.66438,0.0,0.0,17.218466,0.013112
KMTC42,I,8342.68238,0.0,0.0,17.224919,0.013486
KMTC42,I,8342.69924,0.0,0.0,17.209683,0.012978
KMTC42,I,8342.71625,0.0,0.0,17.206199,0.017307
KMTC42,I,8342.72505,0.0,0.0,17.202132,0.01425
KMTC42,I,8343.48311,0.0,0.0,17.224588,0.013097
KMTC42,I,8343.50013,0.0,0.0,17.226738,0.015357
KMTC42,I,8343.52843,0.0,0.0,17.233181,0.011755
KMTC42,I,8343.54541,0.0,0.0,17.222934,0.009693
KMTC42,I,8343.56246,0.0,0.0,17.206946,0.023707
KMTC42,I,8343.58432,0.0,0.0,17.197313,0.022322
KMTC42,I,8343.60125,0.0,0.0,17.221031,0.011162
KMTC42,I,8343.62199,0.0,0.0,17.228969,0.010682
KMTC42,I,8343.64574,0.0,0.0,17.210761,0.022661
KMTC42,I,8344.47108,0.0,0.0,17.233016,0.016199
KMTC42,I,8344.48802,0.0,0.0,17.226324,0.012703
KMTC42,I,8344.50508,0.0,0.0,17.212502,0.011025
KMTC42,I,8344.53132,0.0,0.0,17.220287,0.011707
KMTC42,I,8344.56312,0.0,0.0,17.218052,0.010859
KMTC42,I,8344.58737,0.0,0.0,17.222272,0.011082
KMTC42,I,8344.60406,0.0,0.0,17.231117,0.012225
KMTC42,I,8344.62106,0.0,0.0,17.229299,0.011531
KMTC42,I,8344.6383,0.0,0.0,17.226655,0.010918
KMTC42,I,8344.67789,0.0,0.0,17.14587,0.026778
KMTC42,I,8344.69638,0.0,0.0,17.238296,0.01314
KMTC42,I,8344.70783,0.0,0.0,17.18708,0.018556
KMTC42,I,8344.70962,0.0,0.0,17.239945,0.013602
KMTC42,I,8345.47843,0.0,0.0,17.222107,0.016233
KMTC42,I,8345.49567,0.0,0.0,17.213828,0.011333
KMTC42,I,8345.51193,0.0,0.0,17.232768,0.010905
KMTC42,I,8345.52843,0.0,0.0,17.215733,0.013901
KMTC42,I,8345.56447,0.0,0.0,17.239038,0.013682
KMTC42,I,8345.58182,0.0,0.0,17.217224,0.012647
KMTC42,I,8345.60074,0.0,0.0,17.232851,0.011833
KMTC42,I,8345.62023,0.0,0.0,17.225994,0.011384
KMTC42,I,8345.63953,0.0,0.0,17.216893,0.012492
KMTC42,I,8345.66013,0.0,0.0,17.232355,0.014012
KMTC42,I,8345.68404,0.0,0.0,17.21681,0.012882
KMTC42,I,8345.70075,0.0,0.0,17.222024,0.014275
KMTC42,I,8345.71867,0.0,0.0,17.237966,0.014075
KMTC42,I,8345.72728,0.0,0.0,17.214656,0.013356
KMTC42,I,8346.4868,0.0,0.0,17.228886,0.01192
KMTC42,I,8346.50338,0.0,0.0,17.217555,0.01086
KMTC42,I,8346.52437,0.0,0.0,17.248924,0.011641
KMTC42,I,8346.55875,0.0,0.0,17.215567,0.01704
KMTC42,I,8346.58002,0.0,0.0,17.230786,0.012925
KMTC42,I,8346.59687,0.0,0.0,17.210927,0.01165
KMTC42,I,8346.61515,0.0,0.0,17.214408,0.011099
KMTC42,I,8346.63223,0.0,0.0,17.232025,0.012456
KMTC42,I,8346.65969,0.0,0.0,17.216975,0.012414
KMTC42,I,8346.69545,0.0,0.0,17.217058,0.012648
KMTC42,I,8346.71315,0.0,0.0,17.227895,0.014571
KMTC42,I,8346.72453,0.0,0.0,17.213165,0.015868
KMTC42,I,8347.47059,0.0,0.0,17.211258,0.014304
KMTC42,I,8347.48774,0.0,0.0,17.218631,0.01171
KMTC42,I,8347.55258,0.0,0.0,17.219459,0.033069
KMTC42,I,8347.56984,0.0,0.0,17.227647,0.013791
KMTC42,I,8347.59036,0.0,0.0,17.25131,0.016844
KMTC42,I,8347.61086,0.0,0.0,17.218962,0.011477
KMTC42,I,8347.63516,0.0,0.0,17.230704,0.012459
KMTC42,I,8347.65598,0.0,0.0,17.220121,0.011629
KMTC42,I,8347.67313,0.0,0.0,17.234419,0.011211
KMTC42,I,8347.69011,0.0,0.0,17.224092,0.013176
KMTC42,I,8347.70923,0.0,0.0,17.22219,0.012869
KMTC42,I,8347.72029,0.0,0.0,17.215733,0.014057
KMTC42,I,8348.47934,0.0,0.0,17.200803,0.01559
KMTC42,I,8348.50826,0.0,0.0,17.360536,0.067562
KMTC42,I,8349.47186,0.0,0.0,17.230373,0.013316
KMTC42,I,8349.48905,0.0,0.0,17.213745,0.011799
KMTC42,I,8349.50582,0.0,0.0,17.232355,0.01261
KMTC42,I,8349.52314,0.0,0.0,17.207693,0.010107
KMTC42,I,8349.5508,0.0,0.0,17.229795,0.010757
KMTC42,I,8349.56773,0.0,0.0,17.22649,0.010687
KMTC42,I,8349.5851,0.0,0.0,17.223679,0.014036
KMTC42,I,8349.61175,0.0,0.0,17.190743,0.057496
KMTC42,I,8349.62885,0.0,0.0,17.249747,0.0276
KMTC42,I,8349.65078,0.0,0.0,17.224506,0.029792
KMTC42,I,8349.67478,0.0,0.0,17.212585,0.013831
KMTC42,I,8349.69166,0.0,0.0,17.227812,0.012155
KMTC42,I,8350.47144,0.0,0.0,17.191159,0.018542
KMTC42,I,8350.48916,0.0,0.0,17.20819,0.014156
KMTC42,I,8350.51055,0.0,0.0,17.211673,0.013442
KMTC42,I,8350.53477,0.0,0.0,17.221528,0.013573
KMTC42,I,8350.55184,0.0,0.0,17.239616,0.013059
KMTC42,I,8350.56922,0.0,0.0,17.228969,0.028581
KMTC42,I,8350.5867,0.0,0.0,17.218962,0.013267
KMTC42,I,8350.60318,0.0,0.0,17.231034,0.013314
KMTC42,I,8350.63276,0.0,0.0,17.225415,0.014422
KMTC42,I,8350.64985,0.0,0.0,17.261417,0.017512
KMTC42,I,8350.66678,0.0,0.0,17.248924,0.015057
KMTC42,I,8350.68347,0.0,0.0,17.240028,0.01649
KMTC42,I,8350.69998,0.0,0.0,17.215567,0.016725
KMTC42,I,8350.70862,0.0,0.0,17.227482,0.015042
KMTC42,I,8351.46933,0.0,0.0,17.206531,0.02458
KMTC42,I,8351.49729,0.0,0.0,17.197978,0.023668
KMTC42,I,8351.51435,0.0,0.0,17.240275,0.020567
KMTC42,I,8351.53412,0.0,0.0,17.190826,0.019019
KMTC42,I,8351.54153,0.0,0.0,17.234997,0.019724
KMTC42,I,8351.55856,0.0,0.0,17.238296,0.022463
KMTC42,I,8351.57532,0.0,0.0,17.190576,0.022588
KMTC42,I,8351.59545,0.0,0.0,17.2183,0.026661
KMTC42,I,8351.61901,0.0,0.0,17.166722,0.025481
KMTC42,I,8351.63893,0.0,0.0,17.207527,0.029016
KMTC42,I,8351.66222,0.0,0.0,17.206614,0.032673
KMTC42,I,8351.67927,0.0,0.0,17.209683,0.027498
KMTC42,I,8351.69978,0.0,0.0,17.203958,0.027924
KMTC42,I,8351.70805,0.0,0.0,17.206448,0.031245
KMTC42,I,8352.47156,0.0,0.0,17.213911,0.021778
KMTC42,I,8352.49562,0.0,0.0,17.217141,0.016406
KMTC42,I,8352.51308,0.0,0.0,17.232603,0.01934
KMTC42,I,8352.53229,0.0,0.0,17.220038,0.017183
KMTC42,I,8352.54995,0.0,0.0,17.233593,0.016511
KMTC42,I,8352.56668,0.0,0.0,17.240522,0.016175
KMTC42,I,8352.59435,0.0,0.0,17.219128,0.042744
KMTC42,I,8352.61144,0.0,0.0,17.222852,0.022688
KMTC42,I,8352.62827,0.0,0.0,17.196066,0.081287
KMTC42,I,8352.64495,0.0,0.0,17.193571,0.021545
KMTC42,I,8352.66206,0.0,0.0,17.237142,0.024909
KMTC42,I,8352.69342,0.0,0.0,17.199224,0.028426
KMTC42,I,8354.50308,0.0,0.0,17.176577,0.038289
KMTC42,I,8354.52055,0.0,0.0,17.193571,0.037293
KMTC42,I,8354.53769,0.0,0.0,17.175742,0.022571
KMTC42,I,8354.55715,0.0,0.0,17.193904,0.023368
KMTC42,I,8354.57394,0.0,0.0,17.200304,0.024847
KMTC42,I,8354.61883,0.0,0.0,17.208854,0.022511
KMTC42,I,8354.63637,0.0,0.0,17.193821,0.031558
KMTC42,I,8354.65509,0.0,0.0,17.199723,0.027232
KMTC42,I,8354.67218,0.0,0.0,17.132262,0.039802
KMTC42,I,8354.67368,0.0,0.0,17.187996,0.030317
KMTC42,I,8354.68832,0.0,0.0,17.220204,0.048527
KMTC42,I,8355.487,0.0,0.0,17.231034,0.017303
KMTC42,I,8355.5111,0.0,0.0,17.217555,0.015855
KMTC42,I,8355.52793,0.0,0.0,17.223431,0.025133
KMTC42,I,8355.54653,0.0,0.0,17.200637,0.015985
KMTC42,I,8355.56351,0.0,0.0,17.221611,0.023088
KMTC42,I,8355.58079,0.0,0.0,17.206531,0.018489
KMTC42,I,8355.6101,0.0,0.0,17.22128,0.013339
KMTC42,I,8355.62718,0.0,0.0,17.214905,0.013277
KMTC42,I,8355.64396,0.0,0.0,17.191991,0.012473
KMTC42,I,8355.66086,0.0,0.0,17.193488,0.016322
KMTC42,I,8355.67762,0.0,0.0,17.219707,0.030453
KMTC42,I,8355.69222,0.0,0.0,17.221445,0.015451
KMTC42,I,8356.47218,0.0,0.0,17.226903,0.023222
KMTC42,I,8356.50207,0.0,0.0,17.228391,0.013789
KMTC42,I,8356.51927,0.0,0.0,17.232355,0.013466
KMTC42,I,8356.53659,0.0,0.0,17.235822,0.015017
KMTC42,I,8356.55399,0.0,0.0,17.224258,0.014425
KMTC42,I,8356.57101,0.0,0.0,17.223431,0.01271
KMTC42,I,8356.59167,0.0,0.0,17.221776,0.014432
KMTC42,I,8356.61559,0.0,0.0,17.237472,0.014622
KMTC42,I,8356.63278,0.0,0.0,17.222686,0.014899
KMTC42,I,8356.64996,0.0,0.0,17.238379,0.015166
KMTC42,I,8356.66613,0.0,0.0,17.19856,0.016306
KMTC42,I,8356.67791,0.0,0.0,17.244725,0.01804
KMTC42,I,8357.47409,0.0,0.0,17.193239,0.015691
KMTC42,I,8357.49439,0.0,0.0,17.183248,0.016036
KMTC42,I,8357.52964,0.0,0.0,17.213082,0.017678
KMTC42,I,8357.55083,0.0,0.0,17.225911,0.011849
KMTC42,I,8357.56806,0.0,0.0,17.224919,0.01929
KMTC42,I,8357.58552,0.0,0.0,17.232685,0.011601
KMTC42,I,8357.60431,0.0,0.0,17.215402,0.017041
KMTC42,I,8357.63239,0.0,0.0,17.220535,0.013653
KMTC42,I,8357.64917,0.0,0.0,17.216644,0.013742
KMTC42,I,8357.66672,0.0,0.0,17.222686,0.014351
KMTC42,I,8357.68357,0.0,0.0,17.224671,0.016618
KMTC42,I,8358.48478,0.0,0.0,17.23219,0.014793
KMTC42,I,8358.5066,0.0,0.0,17.230869,0.024624
KMTC42,I,8358.52742,0.0,0.0,17.234749,0.012061
KMTC42,I,8358.55115,0.0,0.0,17.218549,0.018132
KMTC42,I,8358.56871,0.0,0.0,17.220535,0.012017
KMTC42,I,8358.58589,0.0,0.0,17.220866,0.011085
KMTC42,I,8358.60312,0.0,0.0,17.233841,0.012918
KMTC42,I,8358.62643,0.0,0.0,17.228225,0.011534
KMTC42,I,8358.65074,0.0,0.0,17.224092,0.012942
KMTC42,I,8358.67235,0.0,0.0,17.204622,0.012834
KMTC42,I,8359.48103,0.0,0.0,17.214656,0.011098
KMTC42,I,8359.49836,0.0,0.0,17.222272,0.011314
KMTC42,I,8359.51869,0.0,0.0,17.221611,0.011238
KMTC42,I,8359.53595,0.0,0.0,17.235822,0.011207
KMTC42,I,8359.57066,0.0,0.0,17.217803,0.010087
KMTC42,I,8359.58795,0.0,0.0,17.220949,0.010544
KMTC42,I,8359.6049,0.0,0.0,17.223679,0.011777
KMTC42,I,8359.6222,0.0,0.0,17.223348,0.011157
KMTC42,I,8359.63944,0.0,0.0,17.231447,0.011604
KMTC42,I,8359.66904,0.0,0.0,17.218466,0.012878
KMTC42,I,8359.69154,0.0,0.0,17.238626,0.013061
KMTC42,I,8360.48416,0.0,0.0,17.213828,0.01289
KMTC42,I,8360.50114,0.0,0.0,17.216644,0.011094
KMTC42,I,8360.51922,0.0,0.0,17.233511,0.010595
KMTC42,I,8360.53607,0.0,0.0,17.217638,0.01609
KMTC42,I,8360.56098,0.0,0.0,17.228721,0.014725
KMTC42,I,8360.5898,0.0,0.0,17.233924,0.011057
KMTC42,I,8360.60861,0.0,0.0,17.219459,0.010701
KMTC42,I,8360.62624,0.0,0.0,17.208439,0.012903
KMTC42,I,8360.66378,0.0,0.0,17.236482,0.016267
KMTC42,I,8360.68359,0.0,0.0,17.208688,0.013137
KMTC42,I,8361.58465,0.0,0.0,17.227316,0.017394
KMTC42,I,8361.60994,0.0,0.0,17.203792,0.0238
KMTC42,I,8361.64702,0.0,0.0,17.226903,0.016768
KMTC42,I,8362.64156,0.0,0.0,17.189744,0.01926
KMTC42,I,8362.65877,0.0,0.0,17.195567,0.019793
KMTC42,I,8362.68429,0.0,0.0,17.17449,0.018599
KMTC42,I,8363.49087,0.0,0.0,17.213745,0.016024
KMTC42,I,8363.5082,0.0,0.0,17.210678,0.018317
KMTC42,I,8363.52558,0.0,0.0,17.226738,0.013871
KMTC42,I,8363.5426,0.0,0.0,17.214573,0.01242
KMTC42,I,8363.55995,0.0,0.0,17.246042,0.012344
KMTC42,I,8363.58978,0.0,0.0,17.214491,0.011254
KMTC42,I,8363.60632,0.0,0.0,17.223679,0.009999
KMTC42,I,8363.62343,0.0,0.0,17.215982,0.010014
KMTC42,I,8363.62498,0.0,0.0,17.231199,0.010215
KMTC42,I,8363.64161,0.0,0.0,17.235574,0.011827
KMTC42,I,8363.65878,0.0,0.0,17.235162,0.010515
KMTC42,I,8363.67648,0.0,0.0,17.224258,0.012942
KMTC42,I,8364.48732,0.0,0.0,17.213248,0.013282
KMTC42,I,8364.51309,0.0,0.0,17.228886,0.012075
KMTC42,I,8364.53038,0.0,0.0,17.201218,0.012842
KMTC42,I,8364.54753,0.0,0.0,17.21333,0.011567
KMTC42,I,8364.56432,0.0,0.0,17.230043,0.013161
KMTC42,I,8364.58594,0.0,0.0,17.230291,0.01355
KMTC42,I,8364.61117,0.0,0.0,17.206448,0.015495
KMTC42,I,8364.61277,0.0,0.0,17.20346,0.015583
KMTC42,I,8364.62955,0.0,0.0,17.222272,0.015292
KMTC42,I,8364.64714,0.0,0.0,17.212999,0.016262
KMTC42,I,8364.66392,0.0,0.0,17.233924,0.017686
KMTC42,I,8364.67255,0.0,0.0,17.212999,0.014691
KMTC42,I,8365.48603,0.0,0.0,17.219294,0.014595
KMTC42,I,8365.50908,0.0,0.0,17.228225,0.016058
KMTC42,I,8365.53663,0.0,0.0,17.245384,0.013743
KMTC42,I,8365.55362,0.0,0.0,17.219542,0.014516
KMTC42,I,8365.57059,0.0,0.0,17.206282,0.012674
KMTC42,I,8365.58739,0.0,0.0,17.213745,0.016259
KMTC42,I,8365.60399,0.0,0.0,17.219542,0.013109
KMTC42,I,8365.6317,0.0,0.0,17.211093,0.015089
KMTC42,I,8365.6488,0.0,0.0,17.215485,0.016411
KMTC42,I,8365.66,0.0,0.0,17.224671,0.01552
KMTC42,I,8366.47663,0.0,0.0,17.238049,0.01462
KMTC42,I,8366.49367,0.0,0.0,17.228308,0.013009
KMTC42,I,8366.52079,0.0,0.0,17.220535,0.011861
KMTC42,I,8366.53778,0.0,0.0,17.205286,0.012989
KMTC42,I,8366.55864,0.0,0.0,17.208522,0.014233
KMTC42,I,8366.5825,0.0,0.0,17.222934,0.012633
KMTC42,I,8366.5992,0.0,0.0,17.216561,0.015937
KMTC42,I,8366.6164,0.0,0.0,17.207029,0.013532
KMTC42,I,8366.63329,0.0,0.0,17.206863,0.01573
KMTC42,I,8366.6572,0.0,0.0,17.205203,0.014635
KMTC42,I,8367.48537,0.0,0.0,17.215567,0.010941
KMTC42,I,8367.50966,0.0,0.0,17.231777,0.012845
KMTC42,I,8367.52681,0.0,0.0,17.202713,0.011046
KMTC42,I,8367.54401,0.0,0.0,17.223596,0.010925
KMTC42,I,8367.56088,0.0,0.0,17.205535,0.011428
KMTC42,I,8367.5778,0.0,0.0,17.226738,0.012546
KMTC42,I,8367.61707,0.0,0.0,17.207195,0.012906
KMTC42,I,8367.63408,0.0,0.0,17.21681,0.015073
KMTC42,I,8367.64572,0.0,0.0,17.220038,0.01428
KMTC42,I,8368.47959,0.0,0.0,17.217721,0.012568
KMTC42,I,8368.49704,0.0,0.0,17.214573,0.011021
KMTC42,I,8368.5136,0.0,0.0,17.225167,0.010844
KMTC42,I,8368.54186,0.0,0.0,17.239451,0.012981
KMTC42,I,8368.56954,0.0,0.0,17.237059,0.013921
KMTC42,I,8368.5868,0.0,0.0,17.209517,0.011653
KMTC42,I,8368.6107,0.0,0.0,17.225167,0.013017
KMTC42,I,8368.62922,0.0,0.0,17.234749,0.015724
KMTC42,I,8368.65335,0.0,0.0,17.18583,0.016029
KMTC42,I,8369.48374,0.0,0.0,17.226324,0.012392
KMTC42,I,8369.50443,0.0,0.0,17.216893,0.013898
KMTC42,I,8369.52824,0.0,0.0,17.216147,0.012728
KMTC42,I,8369.54508,0.0,0.0,17.220866,0.013496
KMTC42,I,8369.56232,0.0,0.0,17.231199,0.012147
KMTC42,I,8369.5795,0.0,0.0,17.215982,0.01125
KMTC42,I,8369.60018,0.0,0.0,17.227564,0.010993
KMTC42,I,8369.6364,0.0,0.0,17.218383,0.013269
KMTC42,I,8369.6465,0.0,0.0,17.214905,0.013512
KMTC42,I,8370.48368,0.0,0.0,17.194736,0.013328
KMTC42,I,8370.50072,0.0,0.0,17.22558,0.012705
KMTC42,I,8370.51774,0.0,0.0,17.219211,0.011089
KMTC42,I,8370.53475,0.0,0.0,17.219625,0.012875
KMTC42,I,8370.55192,0.0,0.0,17.236399,0.011593
KMTC42,I,8370.57963,0.0,0.0,17.226324,0.01247
KMTC42,I,8370.59734,0.0,0.0,17.237389,0.012987
KMTC42,I,8370.61428,0.0,0.0,17.221942,0.013884
KMTC42,I,8370.63105,0.0,0.0,17.212916,0.014221
KMTC42,I,8371.47811,0.0,0.0,17.246454,0.014674
KMTC42,I,8371.49457,0.0,0.0,17.212336,0.011336
KMTC42,I,8371.5159,0.0,0.0,17.220452,0.013029
KMTC42,I,8371.54191,0.0,0.0,17.220369,0.012796
KMTC42,I,8371.5596,0.0,0.0,17.228391,0.013555
KMTC42,I,8371.57881,0.0,0.0,17.224754,0.013642
KMTC42,I,8371.59581,0.0,0.0,17.223927,0.013801
KMTC42,I,8371.61685,0.0,0.0,17.207858,0.014392
KMTC42,I,8371.64445,0.0,0.0,17.219294,0.014126
KMTC42,I,8372.49765,0.0,0.0,17.221942,0.012792
KMTC42,I,8372.51441,0.0,0.0,17.242665,0.011656
KMTC42,I,8372.53922,0.0,0.0,17.230043,0.014253
KMTC42,I,8372.56695,0.0,0.0,17.207029,0.012282
KMTC42,I,8372.58408,0.0,0.0,17.186247,0.016976
KMTC42,I,8372.61594,0.0,0.0,17.231117,0.016284
KMTC42,I,8372.63623,0.0,0.0,17.217886,0.01413
KMTC42,I,8373.49959,0.0,0.0,17.207693,0.018643
KMTC42,I,8373.51664,0.0,0.0,17.195983,0.012933
KMTC42,I,8373.53341,0.0,0.0,17.224423,0.012085
KMTC42,I,8373.55089,0.0,0.0,17.228556,0.01022
KMTC42,I,8373.57844,0.0,0.0,17.196648,0.018682
KMTC42,I,8373.59553,0.0,0.0,17.208854,0.013136
KMTC42,I,8373.61303,0.0,0.0,17.210264,0.012274
KMTC42,I,8373.63713,0.0,0.0,17.21623,0.012182
KMTC42,I,8375.50095,0.0,0.0,17.235987,0.016738
KMTC42,I,8375.51782,0.0,0.0,17.210761,0.01407
KMTC42,I,8375.53864,0.0,0.0,17.212585,0.011646
KMTC42,I,8375.56267,0.0,0.0,17.20819,0.012747
KMTC42,I,8375.57983,0.0,0.0,17.208605,0.01259
KMTC42,I,8375.59709,0.0,0.0,17.252132,0.016451
KMTC42,I,8375.62118,0.0,0.0,17.219542,0.013734
KMTC42,I,8376.4958,0.0,0.0,17.198476,0.019071
KMTC42,I,8376.5163,0.0,0.0,17.210098,0.014307
KMTC42,I,8376.55159,0.0,0.0,17.236234,0.013846
KMTC42,I,8376.56843,0.0,0.0,17.205618,0.01794
KMTC42,I,8376.58535,0.0,0.0,17.208439,0.016197
KMTC42,I,8376.60236,0.0,0.0,17.252872,0.016604
KMTC42,I,8376.61923,0.0,0.0,17.201135,0.016141
KMTC42,I,8376.63307,0.0,0.0,17.24316,0.01828
KMTC42,I,8377.49162,0.0,0.0,17.207775,0.013922
KMTC42,I,8377.51899,0.0,0.0,17.208854,0.015645
KMTC42,I,8377.53636,0.0,0.0,17.215733,0.018851
KMTC42,I,8377.55349,0.0,0.0,17.213165,0.017993
KMTC42,I,8377.57041,0.0,0.0,17.217638,0.015619
KMTC42,I,8377.58742,0.0,0.0,17.234006,0.015414
KMTC42,I,8377.61935,0.0,0.0,17.220121,0.017969
KMTC42,I,8377.6337,0.0,0.0,17.207527,0.017303
KMTC42,I,8378.5018,0.0,0.0,17.200055,0.013628
KMTC42,I,8378.51917,0.0,0.0,17.213248,0.014377
KMTC42,I,8378.53616,0.0,0.0,17.232603,0.015731
KMTC42,I,8378.55314,0.0,0.0,17.228638,0.015586
KMTC42,I,8378.56987,0.0,0.0,17.214076,0.014453
KMTC42,I,8378.59594,0.0,0.0,17.184914,0.017692
KMTC42,I,8378.62767,0.0,0.0,17.18033,0.017153
KMTC42,I,8379.51842,0.0,0.0,17.213248,0.025262
KMTC42,I,8379.5354,0.0,0.0,17.206033,0.025058
KMTC42,I,8379.55258,0.0,0.0,17.20346,0.024278
KMTC42,I,8379.5728,0.0,0.0,17.239451,0.022457
KMTC42,I,8379.5974,0.0,0.0,17.207278,0.026479
KMTC42,I,8379.61478,0.0,0.0,17.20346,0.027689
KMTC42,I,8379.62898,0.0,0.0,17.245301,0.025498
KMTC42,I,8380.48841,0.0,0.0,17.416758,0.153487
KMTC42,I,8380.50519,0.0,0.0,17.018408,0.11017
KMTC42,I,8380.52268,0.0,0.0,17.325516,0.223734
KMTC42,I,8380.53994,0.0,0.0,17.225415,0.070285
KMTC42,I,8380.56872,0.0,0.0,17.226572,0.019756
KMTC42,I,8380.58538,0.0,0.0,17.251474,0.017234
KMTC42,I,8380.60258,0.0,0.0,17.226242,0.017398
KMTC42,I,8380.61821,0.0,0.0,17.123004,0.077672
KMTC42,I,8381.49202,0.0,0.0,17.249747,0.047775
KMTC42,I,8381.50898,0.0,0.0,17.199806,0.109294
KMTC42,I,8381.53631,0.0,0.0,17.114743,0.174368
KMTC42,I,8382.48241,0.0,0.0,17.204539,0.01299
KMTC42,I,8382.49968,0.0,0.0,17.225415,0.013797
KMTC42,I,8382.51766,0.0,0.0,17.220369,0.012562
KMTC42,I,8382.53443,0.0,0.0,17.221031,0.01334
KMTC42,I,8382.56029,0.0,0.0,17.204788,0.019917
KMTC42,I,8382.58449,0.0,0.0,17.226655,0.014575
KMTC42,I,8382.60135,0.0,0.0,17.243242,0.014917
KMTC42,I,8382.62154,0.0,0.0,17.220369,0.015454
KMTC42,I,8383.48947,0.0,0.0,17.220287,0.014123
KMTC42,I,8383.5063,0.0,0.0,17.212087,0.013519
KMTC42,I,8383.52715,0.0,0.0,17.214905,0.013825
KMTC42,I,8383.5511,0.0,0.0,17.210264,0.019739
KMTC42,I,8383.57466,0.0,0.0,17.223844,0.015287
KMTC42,I,8383.59168,0.0,0.0,17.22219,0.01639
KMTC42,I,8383.60909,0.0,0.0,17.2183,0.016088
KMTC42,I,8384.48623,0.0,0.0,17.207278,0.012437
KMTC42,I,8384.50369,0.0,0.0,17.238956,0.014384
KMTC42,I,8384.53178,0.0,0.0,17.236647,0.012755
KMTC42,I,8384.55034,0.0,0.0,17.220038,0.01342
KMTC42,I,8384.56759,0.0,0.0,17.222024,0.015528
KMTC42,I,8384.58513,0.0,0.0,17.213165,0.01524
KMTC42,I,8384.6063,0.0,0.0,17.214159,0.014296
KMTC42,I,8384.62246,0.0,0.0,17.218135,0.019946
KMTC42,I,8385.48326,0.0,0.0,17.217721,0.015384
KMTC42,I,8385.51661,0.0,0.0,17.18683,0.013112
KMTC42,I,8385.53352,0.0,0.0,17.211341,0.014069
KMTC42,I,8385.55069,0.0,0.0,17.211093,0.011649
KMTC42,I,8385.56855,0.0,0.0,17.223265,0.0131
KMTC42,I,8385.58563,0.0,0.0,17.197728,0.013399
KMTC42,I,8385.61349,0.0,0.0,17.214408,0.015079
KMTC42,I,8386.4853,0.0,0.0,17.229465,0.014958
KMTC42,I,8386.50932,0.0,0.0,17.201135,0.017718
KMTC42,I,8386.52658,0.0,0.0,17.240358,0.012979
KMTC42,I,8386.54414,0.0,0.0,17.185164,0.015478
KMTC42,I,8386.56153,0.0,0.0,17.21333,0.014455
KMTC42,I,8386.58915,0.0,0.0,17.213082,0.016026
KMTC42,I,8386.61081,0.0,0.0,17.195318,0.015606
KMTC42,I,8387.51124,0.0,0.0,17.122751,0.037527
KMTC42,I,8387.52847,0.0,0.0,17.185497,0.035993
KMTC42,I,8387.54579,0.0,0.0,17.206282,0.02696
KMTC42,I,8390.50686,0.0,0.0,17.223844,0.011388
KMTC42,I,8390.52545,0.0,0.0,17.18991,0.024339
KMTC42,I,8390.54281,0.0,0.0,17.250816,0.01794
KMTC42,I,8390.56001,0.0,0.0,17.225084,0.017716
KMTC42,I,8390.58293,0.0,0.0,17.209766,0.014465
KMTC42,I,8392.4955,0.0,0.0,17.276663,0.063527
KMTC42,I,8392.51944,0.0,0.0,17.179997,0.036109
KMTC42,I,8392.56087,0.0,0.0,17.042269,0.11738
KMTC42,I,8392.5779,0.0,0.0,17.191991,0.103225
KMTC42,I,8392.58639,0.0,0.0,17.24489,0.044347
KMTC42,I,8393.49042,0.0,0.0,17.224836,0.011696
KMTC42,I,8393.50767,0.0,0.0,17.239781,0.011199
KMTC42,I,8393.52851,0.0,0.0,17.216147,0.012728
KMTC42,I,8393.55861,0.0,0.0,17.217721,0.011014
KMTC42,I,8393.57562,0.0,0.0,17.204456,0.011664
KMTC42,I,8393.59408,0.0,0.0,17.201467,0.011904
KMTC42,I,8394.4927,0.0,0.0,17.212585,0.011724
KMTC42,I,8394.51074,0.0,0.0,17.214076,0.012032
KMTC42,I,8394.52785,0.0,0.0,17.192823,0.011144
KMTC42,I,8394.55812,0.0,0.0,17.225084,0.012628
KMTC42,I,8394.5757,0.0,0.0,17.211176,0.012116
KMTC42,I,8394.58742,0.0,0.0,17.208605,0.012668
KMTC42,I,8395.52543,0.0,0.0,17.23186,0.022412
KMTC42,I,8395.55998,0.0,0.0,17.237966,0.040534
KMTC42,I,8396.51257,0.0,0.0,17.237224,0.023884
KMTC42,I,8396.5583,0.0,0.0,17.202464,0.020559
KMTC42,I,8396.57508,0.0,0.0,17.219459,0.017656
KMTC42,I,8396.58355,0.0,0.0,17.205784,0.016441
KMTC42,I,8397.48218,0.0,0.0,17.206282,0.021731
KMTC42,I,8397.50031,0.0,0.0,17.214242,0.012967
KMTC42,I,8397.51707,0.0,0.0,17.212336,0.012971
KMTC42,I,8397.5384,0.0,0.0,17.194652,0.01231
KMTC42,I,8397.56229,0.0,0.0,17.217141,0.013037
KMTC42,I,8397.58098,0.0,0.0,17.214242,0.013592
KMTC42,I,8398.54354,0.0,0.0,17.200138,0.013706
KMTC42,I,8398.56313,0.0,0.0,17.199972,0.013628
KMTC42,I,8398.57774,0.0,0.0,17.191575,0.014672
KMTC42,I,8401.573,0.0,0.0,17.207941,0.013295
KMTC42,I,8404.48885,0.0,0.0,17.173071,0.027526
KMTC42,I,8404.5064,0.0,0.0,17.209849,0.017374
KMTC42,I,8404.5097,0.0,0.0,17.184747,0.018168
KMTC42,I,8404.52999,0.0,0.0,17.192157,0.018539
KMTC42,I,8404.5449,0.0,0.0,17.164214,0.021103
KMTC42,I,8405.51256,0.0,0.0,17.242995,0.042231
KMTC42,I,8405.56125,0.0,0.0,17.043976,0.062154
KMTC42,I,8405.56493,0.0,0.0,17.168227,0.045555
KMTC42,I,8406.49652,0.0,0.0,17.233263,0.021067
KMTC42,I,8406.51348,0.0,0.0,17.214159,0.022251
KMTC42,I,8406.53044,0.0,0.0,17.19856,0.019941
KMTC42,I,8406.55207,0.0,0.0,17.181664,0.024854
KMTC42,I,8407.49673,0.0,0.0,17.209434,0.01588
KMTC42,I,8407.5244,0.0,0.0,17.20595,0.018965
KMTC42,I,8407.54144,0.0,0.0,17.172153,0.016544
KMTC42,I,8407.55806,0.0,0.0,17.18658,0.01658
KMTC42,I,8408.49383,0.0,0.0,17.213496,0.018228
KMTC42,I,8408.51508,0.0,0.0,17.204954,0.014714
KMTC42,I,8408.53248,0.0,0.0,17.202547,0.0159
KMTC42,I,8408.54718,0.0,0.0,17.235492,0.017602
KMTC42,I,8409.48865,0.0,0.0,17.206946,0.017068
KMTC42,I,8409.5056,0.0,0.0,17.18058,0.01352
KMTC42,I,8409.53552,0.0,0.0,17.199474,0.01465
KMTC42,I,8409.55287,0.0,0.0,17.189994,0.013026
KMTC42,I,8410.50872,0.0,0.0,17.172236,0.017178
KMTC42,I,8410.53537,0.0,0.0,17.210098,0.014856
KMTC42,I,8411.49733,0.0,0.0,17.202215,0.015508
KMTC42,I,8411.51429,0.0,0.0,17.200637,0.015591
KMTC42,I,8411.52837,0.0,0.0,17.191575,0.01617
KMTC42,I,8412.48863,0.0,0.0,17.195068,0.029243
KMTC42,I,8412.5056,0.0,0.0,17.21333,0.013359
KMTC42,I,8412.52637,0.0,0.0,17.202298,0.013231
KMTC42,I,8412.53667,0.0,0.0,17.190826,0.013338
KMTS01,I,8172.584,0.0,0.0,17.228205,0.023126
KMTS01,I,8172.61122,0.0,0.0,17.222398,0.020325
KMTS01,I,8172.63518,0.0,0.0,17.206193,0.020498
KMTS01,I,8174.57972,0.0,0.0,17.168392,0.025503
KMTS01,I,8175.57218,0.0,0.0,17.191431,0.027944
KMTS01,I,8175.57508,0.0,0.0,17.237197,0.025442
KMTS01,I,8175.60448,0.0,0.0,17.233468,0.017562
KMTS01,I,8175.62937,0.0,0.0,17.22174,0.014684
KMTS01,I,8176.58648,0.0,0.0,17.22185,0.015373
KMTS01,I,8176.61678,0.0,0.0,17.223712,0.015178
KMTS01,I,8176.64238,0.0,0.0,17.229082,0.01815
KMTS01,I,8177.57733,0.0,0.0,17.180288,0.022939
KMTS01,I,8177.60923,0.0,0.0,17.217906,0.015663
KMTS01,I,8177.63268,0.0,0.0,17.20685,0.017426
KMTS01,I,8178.58066,0.0,0.0,17.224698,0.017946
KMTS01,I,8178.61514,0.0,0.0,17.253002,0.023573
KMTS01,I,8178.63961,0.0,0.0,17.184657,0.026034
KMTS01,I,8181.55794,0.0,0.0,17.219549,0.02301
KMTS01,I,8181.59398,0.0,0.0,17.259264,0.020387
KMTS01,I,8181.62173,0.0,0.0,17.214512,0.018922
KMTS01,I,8182.60049,0.0,0.0,17.26355,0.109677
KMTS01,I,8182.63294,0.0,0.0,17.23961,0.028152
KMTS01,I,8189.54533,0.0,0.0,17.190229,0.026843
KMTS01,I,8190.52614,0.0,0.0,17.181817,0.015717
KMTS01,I,8190.56527,0.0,0.0,17.218564,0.013017
KMTS01,I,8190.58896,0.0,0.0,17.227109,0.01371
KMTS01,I,8190.61276,0.0,0.0,17.231823,0.014009
KMTS01,I,8190.64615,0.0,0.0,17.237855,0.015196
KMTS01,I,8195.57354,0.0,0.0,17.21276,0.014576
KMTS01,I,8195.60434,0.0,0.0,17.232371,0.016472
KMTS01,I,8195.63506,0.0,0.0,17.242682,0.016485
KMTS01,I,8195.6587,0.0,0.0,17.226671,0.020133
KMTS01,I,8196.52314,0.0,0.0,17.199521,0.018009
KMTS01,I,8196.55519,0.0,0.0,17.215059,0.020811
KMTS01,I,8196.57895,0.0,0.0,17.229411,0.016369
KMTS01,I,8196.60681,0.0,0.0,17.228534,0.014987
KMTS01,I,8196.64073,0.0,0.0,17.225575,0.01361
KMTS01,I,8197.53258,0.0,0.0,17.210461,0.013496
KMTS01,I,8197.5709,0.0,0.0,17.228644,0.016565
KMTS01,I,8197.59462,0.0,0.0,17.21484,0.01448
KMTS01,I,8197.62043,0.0,0.0,17.223712,0.017746
KMTS01,I,8197.65401,0.0,0.0,17.220645,0.017742
KMTS01,I,8200.50511,0.0,0.0,17.212103,0.016544
KMTS01,I,8200.52899,0.0,0.0,17.198537,0.014265
KMTS01,I,8200.57055,0.0,0.0,17.234784,0.01608
KMTS01,I,8200.60279,0.0,0.0,17.214512,0.0135
KMTS01,I,8200.62955,0.0,0.0,17.21703,0.017836
KMTS01,I,8200.66266,0.0,0.0,17.217578,0.020417
KMTS01,I,8201.51811,0.0,0.0,17.235442,0.020048
KMTS01,I,8201.5443,0.0,0.0,17.216373,0.018727
KMTS01,I,8201.57176,0.0,0.0,17.221302,0.016062
KMTS01,I,8201.60431,0.0,0.0,17.222836,0.015177
KMTS01,I,8201.62799,0.0,0.0,17.194491,0.016225
KMTS01,I,8203.51161,0.0,0.0,17.200505,0.018307
KMTS01,I,8203.53971,0.0,0.0,17.200286,0.017515
KMTS01,I,8203.56882,0.0,0.0,17.230179,0.01835
KMTS01,I,8203.60377,0.0,0.0,17.213089,0.017335
KMTS01,I,8203.62736,0.0,0.0,17.208054,0.016341
KMTS01,I,8203.66189,0.0,0.0,17.220645,0.016851
KMTS01,I,8204.49586,0.0,0.0,17.207288,0.015946
KMTS01,I,8204.52114,0.0,0.0,17.226452,0.014788
KMTS01,I,8204.55274,0.0,0.0,17.233139,0.014796
KMTS01,I,8204.58996,0.0,0.0,17.228973,0.01381
KMTS01,I,8204.6259,0.0,0.0,17.228534,0.01293
KMTS01,I,8204.66153,0.0,0.0,17.214621,0.017535
KMTS01,I,8205.4889,0.0,0.0,17.222617,0.021719
KMTS01,I,8205.51301,0.0,0.0,17.253441,0.020377
KMTS01,I,8205.54258,0.0,0.0,17.19318,0.016617
KMTS01,I,8205.58273,0.0,0.0,17.224151,0.017252
KMTS01,I,8205.60664,0.0,0.0,17.234126,0.022837
KMTS01,I,8205.63392,0.0,0.0,17.184766,0.019868
KMTS01,I,8210.49302,0.0,0.0,17.202693,0.0194
KMTS01,I,8210.51664,0.0,0.0,17.214183,0.018525
KMTS01,I,8210.54844,0.0,0.0,17.200177,0.017614
KMTS01,I,8210.57197,0.0,0.0,17.217797,0.063863
KMTS01,I,8210.60745,0.0,0.0,17.182254,0.033118
KMTS01,I,8210.63567,0.0,0.0,17.156615,0.05615
KMTS01,I,8210.65898,0.0,0.0,17.222945,0.018538
KMTS01,I,8213.5091,0.0,0.0,17.226671,0.021228
KMTS01,I,8215.46408,0.0,0.0,17.222178,0.025811
KMTS01,I,8215.48797,0.0,0.0,17.227877,0.025123
KMTS01,I,8215.52136,0.0,0.0,17.238952,0.022646
KMTS01,I,8215.55961,0.0,0.0,17.253881,0.021076
KMTS01,I,8215.58346,0.0,0.0,17.214621,0.021407
KMTS01,I,8215.62684,0.0,0.0,17.214512,0.021108
KMTS01,I,8215.65497,0.0,0.0,17.221521,0.016852
KMTS01,I,8216.47317,0.0,0.0,17.219549,0.012531
KMTS01,I,8216.50877,0.0,0.0,17.198974,0.017118
KMTS01,I,8216.53356,0.0,0.0,17.215388,0.016055
KMTS01,I,8216.56329,0.0,0.0,17.217468,0.019423
KMTS01,I,8216.59049,0.0,0.0,17.218892,0.02022
KMTS01,I,8216.6141,0.0,0.0,17.255528,0.019782
KMTS01,I,8216.64893,0.0,0.0,17.228534,0.017852
KMTS01,I,8218.48165,0.0,0.0,17.192961,0.021867
KMTS01,I,8218.51414,0.0,0.0,17.242243,0.01986
KMTS01,I,8218.54294,0.0,0.0,17.232481,0.01895
KMTS01,I,8218.57496,0.0,0.0,17.261902,0.033733
KMTS01,I,8220.45932,0.0,0.0,17.220645,0.01913
KMTS01,I,8220.48297,0.0,0.0,17.23972,0.019856
KMTS01,I,8220.50669,0.0,0.0,17.235332,0.016278
KMTS01,I,8220.53973,0.0,0.0,17.20871,0.014865
KMTS01,I,8220.56361,0.0,0.0,17.202036,0.016037
KMTS01,I,8220.56687,0.0,0.0,17.208382,0.014669
KMTS01,I,8220.60175,0.0,0.0,17.214621,0.01399
KMTS01,I,8220.62539,0.0,0.0,17.222617,0.017151
KMTS01,I,8220.65052,0.0,0.0,17.214293,0.016448
KMTS01,I,8222.46488,0.0,0.0,17.210571,0.017134
KMTS01,I,8222.49096,0.0,0.0,17.221959,0.015176
KMTS01,I,8222.52829,0.0,0.0,17.19635,0.018301
KMTS01,I,8222.55588,0.0,0.0,17.223274,0.024814
KMTS01,I,8223.4455,0.0,0.0,17.225904,0.020729
KMTS01,I,8223.46943,0.0,0.0,17.214074,0.019021
KMTS01,I,8223.50531,0.0,0.0,17.184329,0.018877
KMTS01,I,8223.52952,0.0,0.0,17.204662,0.018016
KMTS01,I,8223.65436,0.0,0.0,17.231384,0.014499
KMTS01,I,8224.46175,0.0,0.0,17.258715,0.028397
KMTS01,I,8224.48536,0.0,0.0,17.179524,0.028616
KMTS01,I,8225.45818,0.0,0.0,17.220426,0.020422
KMTS01,I,8225.48565,0.0,0.0,17.126022,0.038955
KMTS01,I,8225.50952,0.0,0.0,17.226561,0.017552
KMTS01,I,8226.46862,0.0,0.0,17.244328,0.019465
KMTS01,I,8226.50396,0.0,0.0,17.218125,0.015762
KMTS01,I,8227.50322,0.0,0.0,17.202146,0.013585
KMTS01,I,8228.44503,0.0,0.0,17.242682,0.015103
KMTS01,I,8228.47202,0.0,0.0,17.188153,0.012791
KMTS01,I,8228.52708,0.0,0.0,17.216264,0.023702
KMTS01,I,8228.55896,0.0,0.0,17.220754,0.02401
KMTS01,I,8228.58484,0.0,0.0,17.237526,0.017667
KMTS01,I,8228.60963,0.0,0.0,17.201927,0.01584
KMTS01,I,8228.64503,0.0,0.0,17.231933,0.016471
KMTS01,I,8228.66876,0.0,0.0,17.20685,0.015453
KMTS01,I,8229.45545,0.0,0.0,17.206412,0.012907
KMTS01,I,8229.48883,0.0,0.0,17.235003,0.013229
KMTS01,I,8229.51534,0.0,0.0,17.213745,0.0135
KMTS01,I,8229.54654,0.0,0.0,17.220864,0.013214
KMTS01,I,8229.57023,0.0,0.0,17.230946,0.01264
KMTS01,I,8229.59827,0.0,0.0,17.215497,0.013111
KMTS01,I,8229.62546,0.0,0.0,17.209805,0.01291
KMTS01,I,8229.65603,0.0,0.0,17.208601,0.013592
KMTS01,I,8230.45327,0.0,0.0,17.23588,0.013133
KMTS01,I,8230.47704,0.0,0.0,17.216045,0.014678
KMTS01,I,8230.50284,0.0,0.0,17.219221,0.013017
KMTS01,I,8230.53394,0.0,0.0,17.20138,0.012902
KMTS01,I,8230.55819,0.0,0.0,17.220645,0.017643
KMTS01,I,8230.58929,0.0,0.0,17.2327,0.014501
KMTS01,I,8230.61297,0.0,0.0,17.212103,0.017928
KMTS01,I,8230.64108,0.0,0.0,17.214293,0.025995
KMTS01,I,8230.67581,0.0,0.0,17.218016,0.026502
KMTS01,I,8231.43014,0.0,0.0,17.224151,0.013707
KMTS01,I,8231.54499,0.0,0.0,17.237416,0.020848
KMTS01,I,8231.57576,0.0,0.0,17.196897,0.038865
KMTS01,I,8231.60014,0.0,0.0,17.214512,0.016744
KMTS01,I,8231.62764,0.0,0.0,17.210461,0.015162
KMTS01,I,8231.66173,0.0,0.0,17.220316,0.018633
KMTS01,I,8233.43685,0.0,0.0,17.209805,0.021001
KMTS01,I,8233.46956,0.0,0.0,17.204881,0.020496
KMTS01,I,8233.50477,0.0,0.0,17.197662,0.014558
KMTS01,I,8233.50797,0.0,0.0,17.205099,0.013979
KMTS01,I,8233.53013,0.0,0.0,17.204552,0.017324
KMTS01,I,8233.56202,0.0,0.0,17.201927,0.014956
KMTS01,I,8233.58795,0.0,0.0,17.21484,0.014088
KMTS01,I,8233.6329,0.0,0.0,17.21714,0.022706
KMTS01,I,8233.6563,0.0,0.0,17.201052,0.016529
KMTS01,I,8233.68019,0.0,0.0,17.261022,0.066411
KMTS01,I,8234.44969,0.0,0.0,17.189245,0.025046
KMTS01,I,8234.48779,0.0,0.0,17.219768,0.021416
KMTS01,I,8234.51865,0.0,0.0,17.205428,0.020099
KMTS01,I,8234.55165,0.0,0.0,17.17614,0.021441
KMTS01,I,8234.59065,0.0,0.0,17.223164,0.019432
KMTS01,I,8234.61428,0.0,0.0,17.193289,0.014749
KMTS01,I,8234.6472,0.0,0.0,17.202474,0.017321
KMTS01,I,8235.57136,0.0,0.0,17.224808,0.016956
KMTS01,I,8235.60304,0.0,0.0,17.225904,0.015083
KMTS01,I,8235.63387,0.0,0.0,17.226233,0.01597
KMTS01,I,8235.65939,0.0,0.0,17.177013,0.023231
KMTS01,I,8236.42176,0.0,0.0,17.220426,0.024808
KMTS01,I,8236.44543,0.0,0.0,17.236648,0.023641
KMTS01,I,8236.47269,0.0,0.0,17.21495,0.019221
KMTS01,I,8236.50206,0.0,0.0,17.185421,0.026733
KMTS01,I,8236.52596,0.0,0.0,17.223931,0.027015
KMTS01,I,8237.46707,0.0,0.0,17.227329,0.024522
KMTS01,I,8237.49083,0.0,0.0,17.229959,0.045805
KMTS01,I,8237.52324,0.0,0.0,17.197225,0.018797
KMTS01,I,8237.54703,0.0,0.0,17.202036,0.034872
KMTS01,I,8237.58125,0.0,0.0,17.20313,0.014761
KMTS01,I,8237.60464,0.0,0.0,17.23588,0.031452
KMTS01,I,8237.63422,0.0,0.0,17.244877,0.041531
KMTS01,I,8237.66755,0.0,0.0,17.174612,0.039698
KMTS01,I,8238.41791,0.0,0.0,17.198099,0.022174
KMTS01,I,8238.4567,0.0,0.0,17.159013,0.023795
KMTS01,I,8238.48893,0.0,0.0,17.21933,0.018533
KMTS01,I,8238.51545,0.0,0.0,17.202365,0.016334
KMTS01,I,8238.55222,0.0,0.0,17.221412,0.018437
KMTS01,I,8238.57977,0.0,0.0,17.189355,0.016711
KMTS01,I,8238.61118,0.0,0.0,17.208382,0.018814
KMTS01,I,8238.64426,0.0,0.0,17.207178,0.021693
KMTS01,I,8238.66733,0.0,0.0,17.208273,0.021396
KMTS01,I,8239.41735,0.0,0.0,17.184985,0.018087
KMTS01,I,8239.44348,0.0,0.0,17.199193,0.016527
KMTS01,I,8239.47341,0.0,0.0,17.222507,0.016953
KMTS01,I,8239.50533,0.0,0.0,17.20882,0.015259
KMTS01,I,8239.53123,0.0,0.0,17.197881,0.013776
KMTS01,I,8239.56217,0.0,0.0,17.244658,0.016686
KMTS01,I,8239.5857,0.0,0.0,17.191431,0.014845
KMTS01,I,8239.61319,0.0,0.0,17.232371,0.015386
KMTS01,I,8239.64917,0.0,0.0,17.201818,0.019002
KMTS01,I,8239.67299,0.0,0.0,17.198209,0.02317
KMTS01,I,8240.56247,0.0,0.0,17.198427,0.024167
KMTS01,I,8240.59086,0.0,0.0,16.878152,0.133868
KMTS01,I,8240.6146,0.0,0.0,17.107114,0.075201
KMTS01,I,8241.41401,0.0,0.0,17.070241,0.047442
KMTS01,I,8241.43812,0.0,0.0,17.172101,0.048301
KMTS01,I,8241.46723,0.0,0.0,17.155198,0.03924
KMTS01,I,8242.3917,0.0,0.0,17.210133,0.025387
KMTS01,I,8242.42253,0.0,0.0,17.175266,0.023228
KMTS01,I,8242.44688,0.0,0.0,17.172101,0.027005
KMTS01,I,8242.48303,0.0,0.0,17.178323,0.026818
KMTS01,I,8242.5064,0.0,0.0,17.197881,0.042478
KMTS01,I,8242.53431,0.0,0.0,17.217906,0.025403
KMTS01,I,8242.5655,0.0,0.0,17.19307,0.024057
KMTS01,I,8242.59241,0.0,0.0,17.217687,0.025702
KMTS01,I,8242.63902,0.0,0.0,17.206631,0.029077
KMTS01,I,8242.66313,0.0,0.0,17.192524,0.025052
KMTS01,I,8242.68693,0.0,0.0,17.210133,0.041214
KMTS01,I,8243.38951,0.0,0.0,17.198755,0.022972
KMTS01,I,8243.42342,0.0,0.0,17.175812,0.021639
KMTS01,I,8243.44934,0.0,0.0,17.198099,0.019096
KMTS01,I,8243.48172,0.0,0.0,17.182582,0.017886
KMTS01,I,8243.50552,0.0,0.0,17.247731,0.021864
KMTS01,I,8243.52939,0.0,0.0,17.190994,0.019878
KMTS01,I,8243.56058,0.0,0.0,17.199083,0.019097
KMTS01,I,8243.58459,0.0,0.0,17.201818,0.018507
KMTS01,I,8243.61338,0.0,0.0,17.217578,0.023405
KMTS01,I,8243.64059,0.0,0.0,17.209476,0.022792
KMTS01,I,8243.66769,0.0,0.0,17.183237,0.023541
KMTS01,I,8244.4033,0.0,0.0,17.165228,0.023608
KMTS01,I,8244.42728,0.0,0.0,17.201161,0.024471
KMTS01,I,8244.45714,0.0,0.0,17.213308,0.0225
KMTS01,I,8244.48578,0.0,0.0,17.199958,0.018702
KMTS01,I,8244.51373,0.0,0.0,17.180507,0.016897
KMTS01,I,8244.54977,0.0,0.0,17.22426,0.016757
KMTS01,I,8244.57398,0.0,0.0,17.209258,0.017528
KMTS01,I,8244.59797,0.0,0.0,17.197443,0.015441
KMTS01,I,8244.64022,0.0,0.0,17.19471,0.025755
KMTS01,I,8244.66582,0.0,0.0,17.224041,0.016955
KMTS01,I,8245.40506,0.0,0.0,17.221959,0.021519
KMTS01,I,8245.42891,0.0,0.0,17.157705,0.017458
KMTS01,I,8245.46421,0.0,0.0,17.173411,0.018861
KMTS01,I,8245.49509,0.0,0.0,17.179196,0.016304
KMTS01,I,8245.51869,0.0,0.0,17.218454,0.017244
KMTS01,I,8245.55072,0.0,0.0,17.211665,0.01872
KMTS01,I,8245.58286,0.0,0.0,17.203568,0.016237
KMTS01,I,8245.61077,0.0,0.0,17.222507,0.026012
KMTS01,I,8245.64183,0.0,0.0,17.189245,0.018489
KMTS01,I,8245.6658,0.0,0.0,17.195803,0.018399
KMTS01,I,8248.39801,0.0,0.0,17.196131,0.013969
KMTS01,I,8248.42531,0.0,0.0,17.189355,0.013766
KMTS01,I,8248.45908,0.0,0.0,17.211447,0.013204
KMTS01,I,8248.48979,0.0,0.0,17.217578,0.013406
KMTS01,I,8248.5133,0.0,0.0,17.208491,0.014179
KMTS01,I,8248.53694,0.0,0.0,17.186514,0.013861
KMTS01,I,8248.57239,0.0,0.0,17.217468,0.014189
KMTS01,I,8248.5996,0.0,0.0,17.184985,0.014446
KMTS01,I,8248.63621,0.0,0.0,17.222617,0.016755
KMTS01,I,8248.6398,0.0,0.0,17.184875,0.015623
KMTS01,I,8248.66723,0.0,0.0,17.174502,0.025017
KMTS01,I,8249.39062,0.0,0.0,17.190775,0.308174
KMTS01,I,8249.42455,0.0,0.0,17.1082,0.088385
KMTS01,I,8249.45267,0.0,0.0,17.125479,0.179805
KMTS01,I,8249.48418,0.0,0.0,17.11863,0.089552
KMTS01,I,8249.51099,0.0,0.0,17.177122,0.033105
KMTS01,I,8249.59479,0.0,0.0,17.246633,0.080154
KMTS01,I,8249.68269,0.0,0.0,17.24817,0.157197
KMTS01,I,8251.37529,0.0,0.0,17.197115,0.01495
KMTS01,I,8251.40585,0.0,0.0,17.181599,0.013466
KMTS01,I,8251.44453,0.0,0.0,17.209914,0.01526
KMTS01,I,8251.46805,0.0,0.0,17.198974,0.014168
KMTS01,I,8251.49522,0.0,0.0,17.176467,0.01473
KMTS01,I,8251.52911,0.0,0.0,17.191212,0.013964
KMTS01,I,8251.55539,0.0,0.0,17.195803,0.013285
KMTS01,I,8251.59147,0.0,0.0,17.203349,0.017717
KMTS01,I,8251.62579,0.0,0.0,17.19001,0.016712
KMTS01,I,8251.64954,0.0,0.0,17.240378,0.019857
KMTS01,I,8251.68095,0.0,0.0,17.214512,0.019021
KMTS01,I,8252.37387,0.0,0.0,17.212103,0.015164
KMTS01,I,8252.40189,0.0,0.0,17.208491,0.01516
KMTS01,I,8252.4351,0.0,0.0,17.184766,0.013177
KMTS01,I,8252.46357,0.0,0.0,17.190775,0.012988
KMTS01,I,8252.49322,0.0,0.0,17.177777,0.013949
KMTS01,I,8252.572,0.0,0.0,17.176904,0.016301
KMTS01,I,8252.60284,0.0,0.0,17.209805,0.016146
KMTS01,I,8252.60434,0.0,0.0,17.180398,0.01493
KMTS01,I,8252.60815,0.0,0.0,17.181053,0.019367
KMTS01,I,8252.63589,0.0,0.0,17.173848,0.015708
KMTS01,I,8252.67618,0.0,0.0,17.226233,0.017156
KMTS01,I,8253.37163,0.0,0.0,17.192742,0.016617
KMTS01,I,8253.40786,0.0,0.0,17.185858,0.016411
KMTS01,I,8253.43194,0.0,0.0,17.177886,0.014927
KMTS01,I,8253.45906,0.0,0.0,17.206631,0.015748
KMTS01,I,8253.49375,0.0,0.0,17.16861,0.015701
KMTS01,I,8253.51735,0.0,0.0,17.185531,0.01474
KMTS01,I,8254.37215,0.0,0.0,17.190338,0.014354
KMTS01,I,8254.40287,0.0,0.0,17.192633,0.011826
KMTS01,I,8254.43061,0.0,0.0,17.170683,0.020342
KMTS01,I,8254.45431,0.0,0.0,17.181817,0.013466
KMTS01,I,8254.48753,0.0,0.0,17.177668,0.019758
KMTS01,I,8254.51304,0.0,0.0,17.178651,0.026221
KMTS01,I,8254.55397,0.0,0.0,17.1828,0.014541
KMTS01,I,8254.57765,0.0,0.0,17.201052,0.015151
KMTS01,I,8254.60421,0.0,0.0,17.190557,0.015237
KMTS01,I,8254.64087,0.0,0.0,17.170137,0.014332
KMTS01,I,8254.66682,0.0,0.0,17.19165,0.015828
KMTS01,I,8255.38742,0.0,0.0,17.17232,0.015804
KMTS01,I,8255.41757,0.0,0.0,17.17614,0.014045
KMTS01,I,8255.44165,0.0,0.0,17.180834,0.01405
KMTS01,I,8255.47489,0.0,0.0,17.202911,0.015251
KMTS01,I,8255.49925,0.0,0.0,17.179306,0.013561
KMTS01,I,8255.53293,0.0,0.0,17.177668,0.014242
KMTS01,I,8255.564,0.0,0.0,17.200505,0.015052
KMTS01,I,8255.58973,0.0,0.0,17.216921,0.016155
KMTS01,I,8255.62083,0.0,0.0,17.190447,0.015629
KMTS01,I,8255.64879,0.0,0.0,17.180944,0.015225
KMTS01,I,8255.67604,0.0,0.0,17.192087,0.016715
KMTS01,I,8256.36275,0.0,0.0,17.194929,0.016324
KMTS01,I,8256.39935,0.0,0.0,17.165337,0.014033
KMTS01,I,8256.42302,0.0,0.0,17.189136,0.012404
KMTS01,I,8256.45389,0.0,0.0,17.185421,0.011627
KMTS01,I,8256.4901,0.0,0.0,17.189792,0.017007
KMTS01,I,8256.5144,0.0,0.0,17.185531,0.01308
KMTS01,I,8256.54475,0.0,0.0,17.186295,0.015526
KMTS01,I,8256.56831,0.0,0.0,17.194382,0.015339
KMTS01,I,8256.59209,0.0,0.0,17.164465,0.014423
KMTS01,I,8256.62326,0.0,0.0,17.181162,0.017292
KMTS01,I,8256.64893,0.0,0.0,17.166537,0.016386
KMTS01,I,8256.68382,0.0,0.0,17.16392,0.084743
KMTS01,I,8257.36764,0.0,0.0,17.215169,0.027296
KMTS01,I,8257.39134,0.0,0.0,17.15498,0.013535
KMTS01,I,8257.41854,0.0,0.0,17.169483,0.014038
KMTS01,I,8257.44977,0.0,0.0,17.198974,0.015542
KMTS01,I,8257.47351,0.0,0.0,17.184438,0.014739
KMTS01,I,8257.50285,0.0,0.0,17.213964,0.016546
KMTS01,I,8257.53129,0.0,0.0,17.197771,0.020981
KMTS01,I,8257.55449,0.0,0.0,17.183674,0.018283
KMTS01,I,8257.58568,0.0,0.0,17.178432,0.042614
KMTS01,I,8257.6088,0.0,0.0,16.842892,0.295891
KMTS01,I,8261.50779,0.0,0.0,17.19001,0.016515
KMTS01,I,8261.53529,0.0,0.0,17.159013,0.013734
KMTS01,I,8261.56047,0.0,0.0,17.184548,0.014739
KMTS01,I,8261.59633,0.0,0.0,17.171665,0.013748
KMTS01,I,8261.62016,0.0,0.0,17.183892,0.015229
KMTS01,I,8261.64475,0.0,0.0,17.164029,0.016482
KMTS01,I,8261.68302,0.0,0.0,17.175921,0.020846
KMTS01,I,8262.35547,0.0,0.0,17.219002,0.049585
KMTS01,I,8262.39141,0.0,0.0,17.184875,0.016607
KMTS01,I,8262.41497,0.0,0.0,17.165992,0.01806
KMTS01,I,8262.43857,0.0,0.0,17.19165,0.027345
KMTS01,I,8262.46965,0.0,0.0,17.211009,0.04664
KMTS01,I,8262.50068,0.0,0.0,17.179087,0.053238
KMTS01,I,8262.52815,0.0,0.0,17.16501,0.029282
KMTS01,I,8262.55533,0.0,0.0,17.142018,0.037205
KMTS01,I,8262.58397,0.0,0.0,17.184001,0.021653
KMTS01,I,8262.61597,0.0,0.0,17.171556,0.015508
KMTS01,I,8262.65011,0.0,0.0,17.171883,0.014921
KMTS01,I,8262.68085,0.0,0.0,17.181708,0.016012
KMTS01,I,8264.61965,0.0,0.0,17.172538,0.015019
KMTS01,I,8264.65693,0.0,0.0,17.145611,0.01823
KMTS01,I,8265.35051,0.0,0.0,17.161848,0.019734
KMTS01,I,8265.37417,0.0,0.0,17.164356,0.017565
KMTS01,I,8265.39736,0.0,0.0,17.137446,0.015273
KMTS01,I,8265.4319,0.0,0.0,17.174393,0.014923
KMTS01,I,8265.45921,0.0,0.0,17.137881,0.016645
KMTS01,I,8265.49589,0.0,0.0,17.162611,0.016873
KMTS01,I,8265.52234,0.0,0.0,17.159994,0.019633
KMTS01,I,8265.54598,0.0,0.0,17.189901,0.017896
KMTS01,I,8265.57699,0.0,0.0,17.171883,0.014725
KMTS01,I,8265.601,0.0,0.0,17.163811,0.015892
KMTS01,I,8265.63196,0.0,0.0,17.166755,0.015013
KMTS01,I,8265.6569,0.0,0.0,17.179742,0.015126
KMTS01,I,8265.68299,0.0,0.0,17.175921,0.017581
KMTS01,I,8266.3464,0.0,0.0,17.559552,0.173081
KMTS01,I,8266.36979,0.0,0.0,17.186514,0.142557
KMTS01,I,8266.40311,0.0,0.0,17.167192,0.038076
KMTS01,I,8266.4298,0.0,0.0,17.402783,0.288737
KMTS01,I,8266.4534,0.0,0.0,17.247292,0.1169
KMTS01,I,8266.50791,0.0,0.0,17.011981,0.147909
KMTS01,I,8266.53695,0.0,0.0,17.157487,0.02797
KMTS01,I,8266.56793,0.0,0.0,17.171665,0.142292
KMTS01,I,8268.32703,0.0,0.0,17.183455,0.039125
KMTS01,I,8268.36306,0.0,0.0,17.175266,0.0328
KMTS01,I,8268.39394,0.0,0.0,17.117978,0.031067
KMTS01,I,8268.41747,0.0,0.0,17.141691,0.028036
KMTS01,I,8268.44209,0.0,0.0,17.148878,0.031139
KMTS01,I,8268.47746,0.0,0.0,17.135269,0.029216
KMTS01,I,8268.50168,0.0,0.0,17.147027,0.036919
KMTS01,I,8268.53483,0.0,0.0,17.130155,0.085228
KMTS01,I,8274.31568,0.0,0.0,17.129938,0.014873
KMTS01,I,8274.3398,0.0,0.0,17.105051,0.012904
KMTS01,I,8274.36282,0.0,0.0,16.898594,0.010927
KMTS01,I,8274.39272,0.0,0.0,16.681376,0.009685
KMTS01,I,8274.41859,0.0,0.0,16.498919,0.008787
KMTS01,I,8274.44616,0.0,0.0,16.382544,0.008566
KMTS01,I,8274.48464,0.0,0.0,16.307164,0.008275
KMTS01,I,8274.5074,0.0,0.0,16.275739,0.008001
KMTS01,I,8274.54405,0.0,0.0,16.318619,0.008635
KMTS01,I,8274.56985,0.0,0.0,16.448722,0.009492
KMTS01,I,8274.59895,0.0,0.0,16.531674,0.010627
KMTS01,I,8274.62622,0.0,0.0,16.569843,0.01083
KMTS01,I,8274.65365,0.0,0.0,16.603757,0.011126
KMTS01,I,8274.66411,0.0,0.0,16.612297,0.01141
KMTS01,I,8274.67842,0.0,0.0,16.648708,0.014349
KMTS01,I,8275.31533,0.0,0.0,16.820598,0.01248
KMTS01,I,8275.34543,0.0,0.0,16.815162,0.011155
KMTS01,I,8275.37131,0.0,0.0,16.834248,0.011544
KMTS01,I,8275.39673,0.0,0.0,16.856025,0.010993
KMTS01,I,8275.42769,0.0,0.0,16.849084,0.011459
KMTS01,I,8275.45133,0.0,0.0,16.8446,0.010798
KMTS01,I,8275.48213,0.0,0.0,16.85688,0.010899
KMTS01,I,8275.50818,0.0,0.0,16.865001,0.010811
KMTS01,I,8275.5316,0.0,0.0,16.878152,0.012237
KMTS01,I,8275.56416,0.0,0.0,16.861581,0.011468
KMTS01,I,8275.59022,0.0,0.0,16.891313,0.011772
KMTS01,I,8275.62579,0.0,0.0,16.886818,0.013961
KMTS01,I,8275.65329,0.0,0.0,16.863932,0.015285
KMTS01,I,8275.66813,0.0,0.0,16.896559,0.017343
KMTS01,I,8276.3159,0.0,0.0,16.917239,0.018724
KMTS01,I,8276.3395,0.0,0.0,16.930002,0.01419
KMTS01,I,8276.37487,0.0,0.0,16.916274,0.01236
KMTS01,I,8276.3985,0.0,0.0,16.917775,0.012457
KMTS01,I,8276.42969,0.0,0.0,16.926033,0.012845
KMTS01,I,8276.45901,0.0,0.0,16.920777,0.014567
KMTS01,I,8276.4828,0.0,0.0,16.932685,0.013042
KMTS01,I,8276.51772,0.0,0.0,16.889172,0.02385
KMTS01,I,8276.54093,0.0,0.0,16.920777,0.014856
KMTS01,I,8276.56792,0.0,0.0,16.917882,0.015914
KMTS01,I,8276.59922,0.0,0.0,16.947395,0.01546
KMTS01,I,8276.62241,0.0,0.0,16.945998,0.017493
KMTS01,I,8276.65311,0.0,0.0,16.924638,0.017276
KMTS01,I,8276.65752,0.0,0.0,16.92968,0.017281
KMTS01,I,8276.67221,0.0,0.0,16.923137,0.023118
KMTS01,I,8277.30797,0.0,0.0,16.958893,0.020138
KMTS01,I,8277.33178,0.0,0.0,16.955561,0.017018
KMTS01,I,8277.35532,0.0,0.0,16.931075,0.012467
KMTS01,I,8277.38656,0.0,0.0,16.848336,0.212496
KMTS01,I,8277.41008,0.0,0.0,16.97169,0.027115
KMTS01,I,8277.44091,0.0,0.0,16.938052,0.012759
KMTS01,I,8277.46861,0.0,0.0,16.938481,0.018165
KMTS01,I,8277.49211,0.0,0.0,16.948361,0.012195
KMTS01,I,8277.52287,0.0,0.0,16.930861,0.014191
KMTS01,I,8277.54654,0.0,0.0,16.995809,0.016868
KMTS01,I,8277.58739,0.0,0.0,16.938696,0.014487
KMTS01,I,8277.62388,0.0,0.0,17.03584,0.087338
KMTS01,I,8277.64785,0.0,0.0,17.006049,0.049708
KMTS01,I,8277.66416,0.0,0.0,16.954808,0.024927
KMTS01,I,8278.29763,0.0,0.0,16.876227,0.089791
KMTS01,I,8278.35211,0.0,0.0,16.94138,0.026867
KMTS01,I,8278.38066,0.0,0.0,16.965451,0.013357
KMTS01,I,8278.40789,0.0,0.0,16.941058,0.012666
KMTS01,I,8278.43706,0.0,0.0,16.985683,0.012415
KMTS01,I,8278.47077,0.0,0.0,16.960828,0.016248
KMTS01,I,8278.49784,0.0,0.0,16.962763,0.013258
KMTS01,I,8278.54257,0.0,0.0,16.945461,0.012574
KMTS01,I,8278.5733,0.0,0.0,16.948254,0.01363
KMTS01,I,8278.59689,0.0,0.0,16.960505,0.013544
KMTS01,I,8278.6296,0.0,0.0,16.959,0.02268
KMTS01,I,8278.64891,0.0,0.0,16.979438,0.014911
KMTS01,I,8278.66534,0.0,0.0,16.972766,0.021526
KMTS01,I,8280.31311,0.0,0.0,16.991284,0.013764
KMTS01,I,8280.33878,0.0,0.0,16.986867,0.012512
KMTS01,I,8280.37068,0.0,0.0,16.985683,0.012224
KMTS01,I,8280.39414,0.0,0.0,17.000227,0.011758
KMTS01,I,8280.42134,0.0,0.0,16.97847,0.015588
KMTS01,I,8280.44891,0.0,0.0,16.994947,0.011469
KMTS01,I,8280.47261,0.0,0.0,16.979438,0.013561
KMTS01,I,8280.5041,0.0,0.0,16.993438,0.012039
KMTS01,I,8280.53625,0.0,0.0,16.972659,0.013555
KMTS01,I,8280.56487,0.0,0.0,16.981484,0.014237
KMTS01,I,8280.59766,0.0,0.0,16.975994,0.015101
KMTS01,I,8280.62166,0.0,0.0,16.964161,0.017514
KMTS01,I,8280.64349,0.0,0.0,16.988698,0.016277
KMTS01,I,8280.6583,0.0,0.0,16.971367,0.016453
KMTS01,I,8281.3062,0.0,0.0,17.022556,0.018461
KMTS01,I,8281.33264,0.0,0.0,16.97169,0.012787
KMTS01,I,8281.44721,0.0,0.0,16.999688,0.011282
KMTS01,I,8281.48114,0.0,0.0,16.995593,0.012041
KMTS01,I,8281.50499,0.0,0.0,16.998503,0.011471
KMTS01,I,8281.53781,0.0,0.0,17.00454,0.011857
KMTS01,I,8281.56153,0.0,0.0,16.986329,0.013567
KMTS01,I,8281.58548,0.0,0.0,17.020182,0.018458
KMTS01,I,8281.61858,0.0,0.0,17.002815,0.016682
KMTS01,I,8281.64115,0.0,0.0,16.991607,0.01735
KMTS01,I,8281.65606,0.0,0.0,16.989775,0.017154
KMTS01,I,8282.30637,0.0,0.0,17.020937,0.016994
KMTS01,I,8282.34013,0.0,0.0,16.994085,0.014635
KMTS01,I,8282.36386,0.0,0.0,17.002815,0.014451
KMTS01,I,8282.39293,0.0,0.0,16.986975,0.013568
KMTS01,I,8282.42404,0.0,0.0,17.012197,0.012629
KMTS01,I,8282.44933,0.0,0.0,17.007559,0.012337
KMTS01,I,8282.48113,0.0,0.0,17.003569,0.012622
KMTS01,I,8282.50879,0.0,0.0,16.997317,0.013288
KMTS01,I,8282.53254,0.0,0.0,17.015433,0.014173
KMTS01,I,8282.56565,0.0,0.0,17.005294,0.015324
KMTS01,I,8282.58929,0.0,0.0,17.005079,0.015033
KMTS01,I,8282.61661,0.0,0.0,17.019858,0.017286
KMTS01,I,8282.63797,0.0,0.0,16.995162,0.019893
KMTS01,I,8282.65267,0.0,0.0,16.995054,0.020773
KMTS01,I,8283.31485,0.0,0.0,17.000227,0.015125
KMTS01,I,8283.35153,0.0,0.0,17.038866,0.013905
KMTS01,I,8283.38478,0.0,0.0,17.008745,0.014553
KMTS01,I,8283.40877,0.0,0.0,17.006373,0.014841
KMTS01,I,8283.44038,0.0,0.0,16.99193,0.013284
KMTS01,I,8283.47681,0.0,0.0,17.011981,0.013976
KMTS01,I,8283.50044,0.0,0.0,17.034976,0.015355
KMTS01,I,8283.61496,0.0,0.0,17.009716,0.02001
KMTS01,I,8283.63901,0.0,0.0,16.96814,0.023282
KMTS01,I,8283.65407,0.0,0.0,16.990422,0.027345
KMTS01,I,8286.29289,0.0,0.0,17.313121,0.282456
KMTS01,I,8286.41432,0.0,0.0,17.015433,0.013786
KMTS01,I,8286.44512,0.0,0.0,17.028171,0.013702
KMTS01,I,8286.49899,0.0,0.0,17.032383,0.013996
KMTS01,I,8286.53015,0.0,0.0,17.016404,0.013884
KMTS01,I,8286.55627,0.0,0.0,17.022988,0.01389
KMTS01,I,8286.58916,0.0,0.0,16.949113,0.034152
KMTS01,I,8286.61842,0.0,0.0,17.0245,0.028197
KMTS01,I,8286.62745,0.0,0.0,17.028495,0.050477
KMTS01,I,8286.64209,0.0,0.0,17.052165,0.06437
KMTS01,I,8287.44359,0.0,0.0,17.273558,0.291828
KMTS01,I,8289.60637,0.0,0.0,17.026335,0.016513
KMTS01,I,8289.61957,0.0,0.0,17.007235,0.016395
KMTS01,I,8289.63414,0.0,0.0,17.022017,0.018949
KMTS01,I,8290.2829,0.0,0.0,17.01252,0.018839
KMTS01,I,8290.31042,0.0,0.0,17.013491,0.015915
KMTS01,I,8290.33448,0.0,0.0,17.004108,0.019122
KMTS01,I,8290.36543,0.0,0.0,17.028063,0.01632
KMTS01,I,8290.38814,0.0,0.0,17.00702,0.01552
KMTS01,I,8290.41122,0.0,0.0,17.005294,0.015907
KMTS01,I,8290.44324,0.0,0.0,17.004108,0.012048
KMTS01,I,8290.46648,0.0,0.0,17.012736,0.01215
KMTS01,I,8290.49901,0.0,0.0,16.987191,0.012704
KMTS01,I,8290.52242,0.0,0.0,16.993438,0.012709
KMTS01,I,8290.54563,0.0,0.0,16.989237,0.013089
KMTS01,I,8290.5756,0.0,0.0,17.000227,0.014351
KMTS01,I,8290.59877,0.0,0.0,16.994085,0.015895
KMTS01,I,8290.61657,0.0,0.0,16.982237,0.017534
KMTS01,I,8290.63079,0.0,0.0,16.989237,0.01803
KMTS01,I,8291.29202,0.0,0.0,16.965021,0.016058
KMTS01,I,8291.31977,0.0,0.0,16.952766,0.014211
KMTS01,I,8291.34386,0.0,0.0,16.935046,0.013139
KMTS01,I,8291.38205,0.0,0.0,16.944172,0.013626
KMTS01,I,8291.40577,0.0,0.0,16.9329,0.012755
KMTS01,I,8291.43448,0.0,0.0,16.943635,0.013626
KMTS01,I,8291.4705,0.0,0.0,16.922386,0.013129
KMTS01,I,8291.4763,0.0,0.0,16.932148,0.012468
KMTS01,I,8292.27516,0.0,0.0,16.84919,0.014696
KMTS01,I,8292.31133,0.0,0.0,16.943098,0.015262
KMTS01,I,8292.33575,0.0,0.0,17.014139,0.013689
KMTS01,I,8292.3588,0.0,0.0,17.132984,0.013902
KMTS01,I,8292.39013,0.0,0.0,17.205537,0.014469
KMTS01,I,8292.41331,0.0,0.0,17.159449,0.013443
KMTS01,I,8292.44416,0.0,0.0,17.154435,0.013049
KMTS01,I,8292.4671,0.0,0.0,17.176576,0.013753
KMTS01,I,8292.49256,0.0,0.0,17.174939,0.016299
KMTS01,I,8292.52817,0.0,0.0,17.180834,0.016996
KMTS01,I,8292.55426,0.0,0.0,17.18138,0.020061
KMTS01,I,8292.58448,0.0,0.0,17.153672,0.017059
KMTS01,I,8292.6069,0.0,0.0,17.190885,0.021267
KMTS01,I,8294.2798,0.0,0.0,17.192742,0.030245
KMTS01,I,8294.30555,0.0,0.0,17.147027,0.087538
KMTS01,I,8294.33712,0.0,0.0,16.641738,0.323916
KMTS01,I,8294.36154,0.0,0.0,17.158032,0.049249
KMTS01,I,8294.38968,0.0,0.0,17.233139,0.117572
KMTS01,I,8294.41735,0.0,0.0,17.146047,0.065209
KMTS01,I,8294.44108,0.0,0.0,17.102554,0.075076
KMTS01,I,8294.47279,0.0,0.0,17.167955,0.028092
KMTS01,I,8294.5007,0.0,0.0,16.974488,0.115576
KMTS01,I,8294.55582,0.0,0.0,17.164901,0.059792
KMTS01,I,8294.5794,0.0,0.0,17.1006,0.085442
KMTS01,I,8294.60625,0.0,0.0,17.236209,0.048949
KMTS01,I,8294.625,0.0,0.0,17.184766,0.025137
KMTS01,I,8295.25509,0.0,0.0,17.163811,0.052575
KMTS01,I,8295.25857,0.0,0.0,17.135595,0.049366
KMTS01,I,8295.2859,0.0,0.0,17.182909,0.029322
KMTS01,I,8295.35832,0.0,0.0,17.197334,0.028256
KMTS01,I,8295.37615,0.0,0.0,17.165665,0.031977
KMTS01,I,8295.39384,0.0,0.0,17.24861,0.073607
KMTS01,I,8295.42241,0.0,0.0,17.17352,0.022529
KMTS01,I,8295.44045,0.0,0.0,17.19001,0.024848
KMTS01,I,8295.46253,0.0,0.0,17.20499,0.025077
KMTS01,I,8295.48061,0.0,0.0,17.157705,0.024389
KMTS01,I,8295.49789,0.0,0.0,17.18007,0.024829
KMTS01,I,8295.53143,0.0,0.0,17.165228,0.028286
KMTS01,I,8295.54888,0.0,0.0,17.265089,0.076335
KMTS01,I,8295.5666,0.0,0.0,17.205428,0.028974
KMTS01,I,8295.59224,0.0,0.0,17.178323,0.047823
KMTS01,I,8296.25069,0.0,0.0,17.141255,0.066986
KMTS01,I,8296.26841,0.0,0.0,17.147571,0.042913
KMTS01,I,8296.2993,0.0,0.0,17.170574,0.046693
KMTS01,I,8296.31928,0.0,0.0,17.183892,0.034122
KMTS01,I,8296.33731,0.0,0.0,17.273888,0.044659
KMTS01,I,8296.35948,0.0,0.0,17.176904,0.034104
KMTS01,I,8296.38214,0.0,0.0,17.268938,0.041917
KMTS01,I,8296.39966,0.0,0.0,17.166101,0.035274
KMTS01,I,8296.42783,0.0,0.0,17.144195,0.034318
KMTS01,I,8296.44559,0.0,0.0,17.144957,0.039709
KMTS01,I,8296.46456,0.0,0.0,17.192852,0.037851
KMTS01,I,8296.48224,0.0,0.0,17.170574,0.034986
KMTS01,I,8296.49997,0.0,0.0,17.16861,0.042782
KMTS01,I,8296.55339,0.0,0.0,17.124391,0.033371
KMTS01,I,8296.57684,0.0,0.0,17.153999,0.036839
KMTS01,I,8296.59474,0.0,0.0,17.166537,0.041874
KMTS01,I,8296.59976,0.0,0.0,17.048055,0.057993
KMTS01,I,8297.4345,0.0,0.0,17.177886,0.06286
KMTS01,I,8297.43606,0.0,0.0,17.224041,0.065707
KMTS01,I,8297.43767,0.0,0.0,17.260473,0.065802
KMTS01,I,8297.49113,0.0,0.0,17.128306,0.052534
KMTS01,I,8297.49305,0.0,0.0,17.255199,0.059516
KMTS01,I,8297.49459,0.0,0.0,17.156397,0.049843
KMTS01,I,8298.37354,0.0,0.0,17.24861,0.039128
KMTS01,I,8298.37503,0.0,0.0,17.235771,0.039489
KMTS01,I,8298.37654,0.0,0.0,17.172101,0.03729
KMTS01,I,8298.42725,0.0,0.0,17.184875,0.020067
KMTS01,I,8298.42875,0.0,0.0,17.156397,0.019331
KMTS01,I,8298.43023,0.0,0.0,17.166755,0.020336
KMTS01,I,8298.48289,0.0,0.0,17.156288,0.028266
KMTS01,I,8298.48438,0.0,0.0,17.152692,0.031048
KMTS01,I,8298.48588,0.0,0.0,17.180725,0.027322
KMTS01,I,8298.54308,0.0,0.0,17.188699,0.031634
KMTS01,I,8298.54457,0.0,0.0,17.205428,0.024978
KMTS01,I,8298.54592,0.0,0.0,17.174066,0.027407
KMTS01,I,8298.5889,0.0,0.0,17.199521,0.029861
KMTS01,I,8298.604,0.0,0.0,17.174175,0.034196
KMTS01,I,8300.3397,0.0,0.0,17.212541,0.018423
KMTS01,I,8300.36853,0.0,0.0,17.214512,0.017139
KMTS01,I,8300.38617,0.0,0.0,17.211228,0.01991
KMTS01,I,8300.40369,0.0,0.0,17.186842,0.015527
KMTS01,I,8300.42325,0.0,0.0,17.209258,0.01733
KMTS01,I,8300.44683,0.0,0.0,17.19154,0.015533
KMTS01,I,8300.46454,0.0,0.0,17.207944,0.017229
KMTS01,I,8300.49383,0.0,0.0,17.173302,0.015314
KMTS01,I,8300.51145,0.0,0.0,17.175703,0.014925
KMTS01,I,8303.26593,0.0,0.0,17.21068,0.020704
KMTS01,I,8303.26742,0.0,0.0,17.192852,0.019683
KMTS01,I,8303.26892,0.0,0.0,17.184329,0.019669
KMTS01,I,8303.30944,0.0,0.0,17.182254,0.017688
KMTS01,I,8303.31094,0.0,0.0,17.242134,0.017971
KMTS01,I,8303.31245,0.0,0.0,17.190229,0.015334
KMTS01,I,8303.35113,0.0,0.0,17.189792,0.015629
KMTS01,I,8303.37278,0.0,0.0,17.21079,0.018817
KMTS01,I,8303.40166,0.0,0.0,17.186623,0.014154
KMTS01,I,8303.42251,0.0,0.0,17.18859,0.014059
KMTS01,I,8303.44296,0.0,0.0,17.200615,0.012415
KMTS01,I,8303.44626,0.0,0.0,17.195147,0.013285
KMTS01,I,8303.47479,0.0,0.0,17.180507,0.014637
KMTS01,I,8303.49562,0.0,0.0,17.195257,0.01309
KMTS01,I,8303.51344,0.0,0.0,17.184766,0.014641
KMTS01,I,8303.53131,0.0,0.0,17.196459,0.017312
KMTS01,I,8303.54943,0.0,0.0,17.21287,0.013596
KMTS01,I,8303.5782,0.0,0.0,17.192305,0.019087
KMTS01,I,8303.59327,0.0,0.0,17.192196,0.016616
KMTS01,I,8304.26386,0.0,0.0,17.204443,0.01349
KMTS01,I,8304.28186,0.0,0.0,17.196131,0.034655
KMTS01,I,8304.29946,0.0,0.0,17.200396,0.01164
KMTS01,I,8304.32739,0.0,0.0,17.191868,0.016123
KMTS01,I,8304.34521,0.0,0.0,17.209258,0.014572
KMTS01,I,8304.3491,0.0,0.0,17.207288,0.018317
KMTS01,I,8304.35077,0.0,0.0,17.19799,0.021577
KMTS01,I,8304.37733,0.0,0.0,17.195366,0.016128
KMTS01,I,8304.41027,0.0,0.0,17.184766,0.014935
KMTS01,I,8304.42849,0.0,0.0,17.187716,0.015528
KMTS01,I,8304.44611,0.0,0.0,17.212432,0.014085
KMTS01,I,8304.46368,0.0,0.0,17.189027,0.013864
KMTS01,I,8304.48152,0.0,0.0,17.214731,0.018129
KMTS01,I,8304.51473,0.0,0.0,17.211228,0.014476
KMTS01,I,8304.53251,0.0,0.0,17.201052,0.016628
KMTS01,I,8304.55007,0.0,0.0,17.194929,0.015635
KMTS01,I,8304.55634,0.0,0.0,17.213198,0.016348
KMTS01,I,8304.57037,0.0,0.0,17.201599,0.015053
KMTS01,I,8304.57646,0.0,0.0,17.217906,0.016354
KMTS01,I,8304.5913,0.0,0.0,17.194054,0.015634
KMTS01,I,8305.25277,0.0,0.0,17.183128,0.020262
KMTS01,I,8305.27311,0.0,0.0,17.19154,0.016812
KMTS01,I,8305.304,0.0,0.0,17.215169,0.01399
KMTS01,I,8305.33441,0.0,0.0,17.218673,0.013407
KMTS01,I,8305.33608,0.0,0.0,17.211447,0.0134
KMTS01,I,8305.33758,0.0,0.0,17.17603,0.01346
KMTS01,I,8305.39039,0.0,0.0,17.195366,0.016423
KMTS01,I,8305.41022,0.0,0.0,17.200943,0.013096
KMTS01,I,8305.42781,0.0,0.0,17.203896,0.014173
KMTS01,I,8305.47841,0.0,0.0,17.171992,0.015215
KMTS01,I,8305.50091,0.0,0.0,17.199849,0.015739
KMTS01,I,8305.52457,0.0,0.0,17.224698,0.016067
KMTS01,I,8305.54392,0.0,0.0,17.197334,0.015835
KMTS01,I,8305.5615,0.0,0.0,17.208382,0.016539
KMTS01,I,8305.58057,0.0,0.0,17.195803,0.018597
KMTS01,I,8305.59544,0.0,0.0,17.183346,0.019668
KMTS01,I,8306.23135,0.0,0.0,17.172101,0.014921
KMTS01,I,8306.2457,0.0,0.0,17.191431,0.013573
KMTS01,I,8306.27645,0.0,0.0,17.19799,0.012509
KMTS01,I,8306.29412,0.0,0.0,17.22174,0.013508
KMTS01,I,8306.31437,0.0,0.0,17.20324,0.012709
KMTS01,I,8306.33456,0.0,0.0,17.187497,0.012305
KMTS01,I,8306.35222,0.0,0.0,17.235113,0.013132
KMTS01,I,8306.39042,0.0,0.0,17.225685,0.013415
KMTS01,I,8306.41086,0.0,0.0,17.216045,0.015071
KMTS01,I,8306.43285,0.0,0.0,17.175485,0.013167
KMTS01,I,8306.45963,0.0,0.0,17.198427,0.014853
KMTS01,I,8306.47745,0.0,0.0,17.186732,0.016609
KMTS01,I,8306.50625,0.0,0.0,17.200396,0.019793
KMTS01,I,8306.52584,0.0,0.0,17.201161,0.018308
KMTS01,I,8306.54514,0.0,0.0,17.175485,0.016103
KMTS01,I,8306.56364,0.0,0.0,17.206959,0.017525
KMTS01,I,8306.57414,0.0,0.0,17.184766,0.017593
KMTS01,I,8306.58908,0.0,0.0,17.202911,0.0194
KMTS01,I,8307.23654,0.0,0.0,17.211009,0.015458
KMTS01,I,8307.26625,0.0,0.0,17.217687,0.015565
KMTS01,I,8307.2983,0.0,0.0,17.210024,0.015063
KMTS01,I,8307.31514,0.0,0.0,17.227657,0.01371
KMTS01,I,8307.33391,0.0,0.0,17.193289,0.013673
KMTS01,I,8307.35384,0.0,0.0,17.212322,0.015755
KMTS01,I,8307.37131,0.0,0.0,17.211009,0.014966
KMTS01,I,8307.41045,0.0,0.0,17.210461,0.014279
KMTS01,I,8307.42812,0.0,0.0,17.17483,0.016102
KMTS01,I,8307.44594,0.0,0.0,17.212432,0.014772
KMTS01,I,8307.46848,0.0,0.0,17.230946,0.016667
KMTS01,I,8307.48711,0.0,0.0,17.207835,0.015454
KMTS01,I,8307.52111,0.0,0.0,17.212213,0.017235
KMTS01,I,8307.53867,0.0,0.0,17.204005,0.017422
KMTS01,I,8307.55659,0.0,0.0,17.198865,0.015935
KMTS01,I,8307.57157,0.0,0.0,17.197115,0.017313
KMTS01,I,8307.58646,0.0,0.0,17.214402,0.017238
KMTS01,I,8308.23331,0.0,0.0,17.169701,0.015114
KMTS01,I,8308.2516,0.0,0.0,17.208382,0.015455
KMTS01,I,8308.27984,0.0,0.0,17.216264,0.013796
KMTS01,I,8308.3079,0.0,0.0,17.185968,0.013081
KMTS01,I,8308.3255,0.0,0.0,17.189792,0.016219
KMTS01,I,8308.34319,0.0,0.0,17.209039,0.016342
KMTS01,I,8308.36301,0.0,0.0,17.192087,0.014258
KMTS01,I,8308.38579,0.0,0.0,17.193617,0.013673
KMTS01,I,8308.41457,0.0,0.0,17.217906,0.015073
KMTS01,I,8308.43243,0.0,0.0,17.171228,0.02064
KMTS01,I,8308.45028,0.0,0.0,17.205428,0.01555
KMTS01,I,8308.46836,0.0,0.0,17.197006,0.015244
KMTS01,I,8308.49095,0.0,0.0,17.20313,0.015252
KMTS01,I,8308.52413,0.0,0.0,17.202255,0.015152
KMTS01,I,8308.54229,0.0,0.0,17.202802,0.016137
KMTS01,I,8308.56405,0.0,0.0,17.199302,0.018107
KMTS01,I,8308.56717,0.0,0.0,17.214293,0.017139
KMTS01,I,8308.58176,0.0,0.0,17.162611,0.021816
KMTS01,I,8309.22664,0.0,0.0,17.189355,0.015137
KMTS01,I,8309.247,0.0,0.0,17.186732,0.017398
KMTS01,I,8309.2647,0.0,0.0,17.196459,0.013676
KMTS01,I,8309.29602,0.0,0.0,17.220754,0.013899
KMTS01,I,8309.31396,0.0,0.0,17.200177,0.012415
KMTS01,I,8309.3315,0.0,0.0,17.202583,0.012903
KMTS01,I,8309.34968,0.0,0.0,17.208273,0.013983
KMTS01,I,8309.36725,0.0,0.0,17.204662,0.013197
KMTS01,I,8310.2421,0.0,0.0,17.207178,0.017723
KMTS01,I,8310.24525,0.0,0.0,17.20871,0.01931
KMTS01,I,8310.26277,0.0,0.0,17.203349,0.016828
KMTS01,I,8310.28112,0.0,0.0,17.196131,0.015636
KMTS01,I,8310.30486,0.0,0.0,17.201927,0.014269
KMTS01,I,8310.3227,0.0,0.0,17.211337,0.015754
KMTS01,I,8310.34082,0.0,0.0,17.218345,0.017343
KMTS01,I,8310.36868,0.0,0.0,17.187825,0.013765
KMTS01,I,8310.38632,0.0,0.0,17.225027,0.01361
KMTS01,I,8310.4042,0.0,0.0,17.207616,0.013591
KMTS01,I,8310.42385,0.0,0.0,17.198646,0.01505
KMTS01,I,8311.23386,0.0,0.0,17.229302,0.025926
KMTS01,I,8311.26571,0.0,0.0,17.21484,0.017437
KMTS01,I,8311.28344,0.0,0.0,17.189027,0.014548
KMTS01,I,8311.30127,0.0,0.0,17.205099,0.014959
KMTS01,I,8311.31915,0.0,0.0,17.205975,0.014666
KMTS01,I,8311.33696,0.0,0.0,17.212103,0.014281
KMTS01,I,8311.3697,0.0,0.0,17.203896,0.019799
KMTS01,I,8311.38758,0.0,0.0,17.20313,0.013586
KMTS01,I,8311.42875,0.0,0.0,17.227438,0.015577
KMTS01,I,8315.22266,0.0,0.0,17.190229,0.019183
KMTS01,I,8315.2409,0.0,0.0,17.199521,0.022376
KMTS01,I,8315.26129,0.0,0.0,17.149532,0.034431
KMTS01,I,8315.27881,0.0,0.0,17.211884,0.032093
KMTS01,I,8315.32026,0.0,0.0,17.228973,0.022129
KMTS01,I,8315.33812,0.0,0.0,17.205975,0.020895
KMTS01,I,8315.3597,0.0,0.0,17.242573,0.019164
KMTS01,I,8315.37748,0.0,0.0,17.211337,0.023792
KMTS01,I,8315.47354,0.0,0.0,17.189245,0.023353
KMTS01,I,8317.23123,0.0,0.0,17.204552,0.01486
KMTS01,I,8317.24896,0.0,0.0,17.228863,0.014889
KMTS01,I,8317.26695,0.0,0.0,17.200505,0.014954
KMTS01,I,8317.28977,0.0,0.0,17.200615,0.01466
KMTS01,I,8317.30728,0.0,0.0,17.202802,0.016334
KMTS01,I,8317.33616,0.0,0.0,17.190775,0.017206
KMTS01,I,8317.35448,0.0,0.0,17.195038,0.0182
KMTS01,I,8317.37188,0.0,0.0,17.182909,0.016801
KMTS01,I,8317.38942,0.0,0.0,17.212651,0.017829
KMTS01,I,8317.40727,0.0,0.0,17.203458,0.018608
KMTS01,I,8317.43683,0.0,0.0,17.16621,0.017666
KMTS01,I,8317.45452,0.0,0.0,17.226013,0.022423
KMTS01,I,8317.47215,0.0,0.0,17.18564,0.02474
KMTS01,I,8317.48982,0.0,0.0,17.21287,0.026291
KMTS01,I,8317.50688,0.0,0.0,17.247512,0.030177
KMTS01,I,8317.54032,0.0,0.0,17.242134,0.026754
KMTS01,I,8317.55528,0.0,0.0,17.178651,0.036409
KMTS01,I,8318.23212,0.0,0.0,17.19154,0.017899
KMTS01,I,8318.25006,0.0,0.0,17.165556,0.029882
KMTS01,I,8318.26907,0.0,0.0,17.230617,0.051443
KMTS01,I,8318.35941,0.0,0.0,17.225356,0.087672
KMTS01,I,8318.43462,0.0,0.0,17.211118,0.013595
KMTS01,I,8318.46392,0.0,0.0,17.231384,0.023132
KMTS01,I,8318.48178,0.0,0.0,17.204662,0.014468
KMTS01,I,8318.50531,0.0,0.0,17.212979,0.017632
KMTS01,I,8318.52327,0.0,0.0,17.232919,0.016472
KMTS01,I,8318.53717,0.0,0.0,17.201271,0.016135
KMTS01,I,8318.5518,0.0,0.0,17.197334,0.019491
KMTS01,I,8319.22976,0.0,0.0,17.181053,0.017686
KMTS01,I,8319.25872,0.0,0.0,17.207725,0.015356
KMTS01,I,8319.27669,0.0,0.0,17.210571,0.014966
KMTS01,I,8319.29428,0.0,0.0,17.247512,0.015109
KMTS01,I,8319.3123,0.0,0.0,17.225027,0.01587
KMTS01,I,8319.32976,0.0,0.0,17.222288,0.018537
KMTS01,I,8319.36311,0.0,0.0,17.211118,0.012912
KMTS01,I,8319.38098,0.0,0.0,17.208054,0.013787
KMTS01,I,8319.39886,0.0,0.0,17.216154,0.014187
KMTS01,I,8319.41643,0.0,0.0,17.222945,0.015768
KMTS01,I,8319.43479,0.0,0.0,17.174612,0.015807
KMTS01,I,8319.46778,0.0,0.0,17.214074,0.014675
KMTS01,I,8319.49693,0.0,0.0,17.20313,0.014957
KMTS01,I,8319.51687,0.0,0.0,17.229302,0.020237
KMTS01,I,8319.53581,0.0,0.0,17.209367,0.016343
KMTS01,I,8319.5507,0.0,0.0,17.174612,0.017184
KMTS01,I,8320.23325,0.0,0.0,17.223931,0.071144
KMTS01,I,8320.25088,0.0,0.0,17.359801,0.205719
KMTS01,I,8320.26841,0.0,0.0,17.212541,0.01684
KMTS01,I,8320.29908,0.0,0.0,17.223164,0.017547
KMTS01,I,8320.31628,0.0,0.0,17.214512,0.016152
KMTS01,I,8320.33421,0.0,0.0,17.213526,0.015954
KMTS01,I,8320.35225,0.0,0.0,17.190775,0.015041
KMTS01,I,8320.37078,0.0,0.0,17.222178,0.016063
KMTS01,I,8320.4063,0.0,0.0,17.196787,0.016523
KMTS01,I,8320.42428,0.0,0.0,17.233468,0.017166
KMTS01,I,8320.44188,0.0,0.0,17.21933,0.016257
KMTS01,I,8320.45942,0.0,0.0,17.204334,0.018411
KMTS01,I,8320.48227,0.0,0.0,17.204224,0.016139
KMTS01,I,8320.51305,0.0,0.0,17.213855,0.017534
KMTS01,I,8320.53062,0.0,0.0,17.197662,0.016525
KMTS01,I,8320.55081,0.0,0.0,17.241036,0.017077
KMTS01,I,8321.22722,0.0,0.0,17.194491,0.019289
KMTS01,I,8321.24495,0.0,0.0,17.20882,0.020005
KMTS01,I,8321.2629,0.0,0.0,17.230836,0.01647
KMTS01,I,8321.28054,0.0,0.0,17.202255,0.015349
KMTS01,I,8321.30133,0.0,0.0,17.19974,0.01633
KMTS01,I,8321.33528,0.0,0.0,17.203677,0.019005
KMTS01,I,8321.35298,0.0,0.0,17.237745,0.016182
KMTS01,I,8321.3709,0.0,0.0,17.19963,0.016922
KMTS01,I,8321.39186,0.0,0.0,17.238623,0.016975
KMTS01,I,8321.40957,0.0,0.0,17.220535,0.017445
KMTS01,I,8321.44522,0.0,0.0,17.224589,0.021822
KMTS01,I,8321.46555,0.0,0.0,17.200833,0.018307
KMTS01,I,8321.48334,0.0,0.0,17.238184,0.019257
KMTS01,I,8321.50096,0.0,0.0,17.231713,0.024831
KMTS01,I,8321.51864,0.0,0.0,17.218783,0.018036
KMTS01,I,8321.52506,0.0,0.0,17.193508,0.020974
KMTS01,I,8322.21623,0.0,0.0,17.198537,0.018997
KMTS01,I,8322.24724,0.0,0.0,17.201708,0.019498
KMTS01,I,8322.26561,0.0,0.0,17.210461,0.015556
KMTS01,I,8322.30145,0.0,0.0,17.224589,0.01656
KMTS01,I,8322.30304,0.0,0.0,17.229411,0.017259
KMTS01,I,8322.32103,0.0,0.0,17.237306,0.016676
KMTS01,I,8322.35318,0.0,0.0,17.218564,0.01596
KMTS01,I,8322.3694,0.0,0.0,17.217359,0.020019
KMTS01,I,8322.38724,0.0,0.0,17.190447,0.01691
KMTS01,I,8322.40503,0.0,0.0,17.193398,0.018099
KMTS01,I,8322.42486,0.0,0.0,17.249488,0.01828
KMTS01,I,8322.44276,0.0,0.0,17.215497,0.018725
KMTS01,I,8322.47275,0.0,0.0,17.23588,0.021842
KMTS01,I,8322.49047,0.0,0.0,17.234674,0.021541
KMTS01,I,8322.50824,0.0,0.0,17.226671,0.022724
KMTS01,I,8322.52607,0.0,0.0,17.14975,0.027456
KMTS01,I,8322.54148,0.0,0.0,17.180616,0.025727
KMTS01,I,8323.23746,0.0,0.0,17.247292,0.023162
KMTS01,I,8323.25913,0.0,0.0,17.220316,0.023211
KMTS01,I,8323.29025,0.0,0.0,17.240927,0.022251
KMTS01,I,8323.30856,0.0,0.0,17.231494,0.022832
KMTS01,I,8323.32625,0.0,0.0,17.245975,0.02226
KMTS01,I,8323.34849,0.0,0.0,17.240049,0.020554
KMTS01,I,8323.36643,0.0,0.0,17.233358,0.024934
KMTS01,I,8323.39936,0.0,0.0,17.177886,0.024227
KMTS01,I,8323.4171,0.0,0.0,17.166974,0.023809
KMTS01,I,8323.43586,0.0,0.0,17.246853,0.027767
KMTS01,I,8323.45381,0.0,0.0,17.261572,0.028102
KMTS01,I,8323.47127,0.0,0.0,17.226233,0.02722
KMTS01,I,8323.50297,0.0,0.0,17.239281,0.034474
KMTS01,I,8323.5234,0.0,0.0,17.214074,0.03661
KMTS01,I,8323.53863,0.0,0.0,17.156288,0.063357
KMTS01,I,8324.22193,0.0,0.0,17.207288,0.035889
KMTS01,I,8324.24325,0.0,0.0,17.186951,0.034731
KMTS01,I,8324.26123,0.0,0.0,17.183128,0.030721
KMTS01,I,8324.2789,0.0,0.0,17.192305,0.031543
KMTS01,I,8324.30115,0.0,0.0,17.240159,0.032367
KMTS01,I,8324.33014,0.0,0.0,17.162502,0.034965
KMTS01,I,8324.34764,0.0,0.0,17.171556,0.035789
KMTS01,I,8324.36552,0.0,0.0,17.188371,0.036636
KMTS01,I,8324.38317,0.0,0.0,17.28897,0.046737
KMTS01,I,8324.4008,0.0,0.0,17.244658,0.044349
KMTS01,I,8324.43187,0.0,0.0,17.285446,0.065434
KMTS01,I,8324.44976,0.0,0.0,17.181708,0.040321
KMTS01,I,8324.46875,0.0,0.0,17.24345,0.050288
KMTS01,I,8324.4866,0.0,0.0,17.282693,0.04742
KMTS01,I,8324.50936,0.0,0.0,17.260253,0.055806
KMTS01,I,8324.5207,0.0,0.0,17.175266,0.042203
KMTS01,I,8324.53571,0.0,0.0,17.158577,0.063168
KMTS01,I,8325.25287,0.0,0.0,17.168173,0.030985
KMTS01,I,8325.27103,0.0,0.0,17.231165,0.02553
KMTS01,I,8325.28943,0.0,0.0,17.222945,0.027913
KMTS01,I,8325.3105,0.0,0.0,17.194819,0.024858
KMTS01,I,8325.32826,0.0,0.0,17.187497,0.025242
KMTS01,I,8325.3602,0.0,0.0,17.192852,0.027048
KMTS01,I,8326.24792,0.0,0.0,17.19974,0.02387
KMTS01,I,8326.26581,0.0,0.0,17.195475,0.02207
KMTS01,I,8326.28355,0.0,0.0,17.219549,0.02301
KMTS01,I,8326.30253,0.0,0.0,17.197225,0.022073
KMTS01,I,8326.32008,0.0,0.0,17.211775,0.022398
KMTS01,I,8326.34876,0.0,0.0,17.200177,0.019495
KMTS01,I,8326.36917,0.0,0.0,17.209039,0.021696
KMTS01,I,8326.38989,0.0,0.0,17.216702,0.02161
KMTS01,I,8326.40747,0.0,0.0,17.213745,0.031897
KMTS01,I,8327.36413,0.0,0.0,17.208382,0.016835
KMTS01,I,8327.38209,0.0,0.0,17.218783,0.017937
KMTS01,I,8327.3996,0.0,0.0,17.203677,0.01673
KMTS01,I,8327.41741,0.0,0.0,17.192415,0.025351
KMTS01,I,8327.43592,0.0,0.0,17.203349,0.02887
KMTS01,I,8328.22774,0.0,0.0,17.187825,0.022654
KMTS01,I,8328.24511,0.0,0.0,17.224041,0.02222
KMTS01,I,8328.26337,0.0,0.0,17.241695,0.022352
KMTS01,I,8328.28115,0.0,0.0,17.217906,0.020119
KMTS01,I,8328.30415,0.0,0.0,17.189792,0.018094
KMTS01,I,8328.33368,0.0,0.0,17.21079,0.018718
KMTS01,I,8328.35245,0.0,0.0,17.231713,0.017658
KMTS01,I,8328.37029,0.0,0.0,17.204443,0.016238
KMTS01,I,8328.38942,0.0,0.0,17.216592,0.018033
KMTS01,I,8328.40851,0.0,0.0,17.190994,0.016516
KMTS01,I,8328.43894,0.0,0.0,17.240378,0.01777
KMTS01,I,8328.47772,0.0,0.0,17.232481,0.021936
KMTS01,I,8328.49541,0.0,0.0,17.225794,0.019933
KMTS01,I,8328.50884,0.0,0.0,17.175703,0.021639
KMTS01,I,8328.52351,0.0,0.0,17.17876,0.028914
KMTS01,I,8329.34677,0.0,0.0,17.193289,0.018297
KMTS01,I,8329.36436,0.0,0.0,17.206959,0.021493
KMTS01,I,8329.38303,0.0,0.0,17.225356,0.021924
KMTS01,I,8329.41134,0.0,0.0,17.235222,0.025538
KMTS01,I,8329.42892,0.0,0.0,17.215716,0.025998
KMTS01,I,8329.44651,0.0,0.0,17.255528,0.026583
KMTS01,I,8329.46433,0.0,0.0,17.190557,0.021267
KMTS01,I,8329.48235,0.0,0.0,17.194601,0.027451
KMTS01,I,8329.48403,0.0,0.0,17.283464,0.027651
KMTS01,I,8329.50752,0.0,0.0,17.209039,0.025385
KMTS01,I,8329.5223,0.0,0.0,17.184766,0.023544
KMTS01,I,8332.39784,0.0,0.0,17.248829,0.017385
KMTS01,I,8332.41525,0.0,0.0,17.225356,0.016462
KMTS01,I,8332.44747,0.0,0.0,17.197771,0.017512
KMTS01,I,8332.46532,0.0,0.0,17.211775,0.017037
KMTS01,I,8332.48318,0.0,0.0,17.216154,0.017834
KMTS01,I,8332.50304,0.0,0.0,17.212213,0.025291
KMTS01,I,8332.51758,0.0,0.0,17.207178,0.02588
KMTS01,I,8333.24698,0.0,0.0,17.213855,0.018822
KMTS01,I,8333.26606,0.0,0.0,17.26432,0.019497
KMTS01,I,8333.28405,0.0,0.0,17.218454,0.017541
KMTS01,I,8333.30184,0.0,0.0,17.225027,0.021126
KMTS01,I,8333.32034,0.0,0.0,17.238294,0.021448
KMTS01,I,8333.35071,0.0,0.0,17.184438,0.020165
KMTS01,I,8333.3684,0.0,0.0,17.207069,0.0204
KMTS01,I,8333.38608,0.0,0.0,17.237745,0.023743
KMTS01,I,8333.40588,0.0,0.0,17.242024,0.023152
KMTS01,I,8333.42758,0.0,0.0,17.185312,0.021755
KMTS01,I,8333.45946,0.0,0.0,17.204005,0.022185
KMTS01,I,8333.47739,0.0,0.0,17.198755,0.024566
KMTS01,I,8333.49496,0.0,0.0,17.199521,0.025565
KMTS01,I,8333.49674,0.0,0.0,17.206303,0.026378
KMTS01,I,8333.5112,0.0,0.0,17.186514,0.02524
KMTS01,I,8334.21863,0.0,0.0,17.229411,0.025126
KMTS01,I,8334.23613,0.0,0.0,17.256957,0.020482
KMTS01,I,8334.25394,0.0,0.0,17.191431,0.019284
KMTS01,I,8334.27045,0.0,0.0,17.242792,0.02006
KMTS01,I,8334.30421,0.0,0.0,17.242243,0.020159
KMTS01,I,8334.32274,0.0,0.0,17.189792,0.021663
KMTS01,I,8334.34067,0.0,0.0,17.220426,0.024808
KMTS01,I,8334.35856,0.0,0.0,17.279831,0.024629
KMTS01,I,8334.37649,0.0,0.0,17.209914,0.022394
KMTS01,I,8334.39381,0.0,0.0,17.189901,0.022657
KMTS01,I,8334.43093,0.0,0.0,17.177777,0.027216
KMTS01,I,8334.45162,0.0,0.0,17.20685,0.02558
KMTS01,I,8334.46955,0.0,0.0,17.15182,0.061734
KMTS01,I,8334.48768,0.0,0.0,17.198537,0.030058
KMTS01,I,8334.49249,0.0,0.0,17.150295,0.032438
KMTS01,I,8334.50705,0.0,0.0,17.203677,0.030271
KMTS01,I,8337.21426,0.0,0.0,17.261022,0.023688
KMTS01,I,8337.23569,0.0,0.0,17.226452,0.017849
KMTS01,I,8337.26651,0.0,0.0,17.223274,0.017448
KMTS01,I,8337.28503,0.0,0.0,17.229192,0.019441
KMTS01,I,8337.30566,0.0,0.0,17.202036,0.017419
KMTS01,I,8337.32558,0.0,0.0,17.204115,0.016928
KMTS01,I,8338.21404,0.0,0.0,17.199193,0.027961
KMTS01,I,8338.23392,0.0,0.0,17.198209,0.021677
KMTS01,I,8338.26629,0.0,0.0,17.213855,0.02051
KMTS01,I,8338.28514,0.0,0.0,17.233797,0.018356
KMTS01,I,8338.30468,0.0,0.0,17.185968,0.016017
KMTS01,I,8339.22222,0.0,0.0,17.209695,0.017232
KMTS01,I,8339.24107,0.0,0.0,17.194273,0.015536
KMTS01,I,8339.27139,0.0,0.0,17.227986,0.016466
KMTS01,I,8339.28938,0.0,0.0,17.223931,0.016658
KMTS01,I,8339.30691,0.0,0.0,17.22963,0.018052
KMTS01,I,8339.32487,0.0,0.0,17.211775,0.019017
KMTS01,I,8339.34254,0.0,0.0,17.216045,0.020812
KMTS01,I,8339.36525,0.0,0.0,17.202036,0.019994
KMTS01,I,8339.39527,0.0,0.0,17.224918,0.021923
KMTS01,I,8339.41306,0.0,0.0,17.229302,0.020834
KMTS01,I,8339.4308,0.0,0.0,17.215278,0.020811
KMTS01,I,8339.4505,0.0,0.0,17.195257,0.020381
KMTS01,I,8339.45198,0.0,0.0,17.209586,0.019907
KMTS01,I,8339.47666,0.0,0.0,17.191977,0.022661
KMTS01,I,8339.49134,0.0,0.0,17.209914,0.027584
KMTS01,I,8340.21154,0.0,0.0,17.196569,0.023067
KMTS01,I,8340.23226,0.0,0.0,17.223055,0.015473
KMTS01,I,8340.2608,0.0,0.0,17.218235,0.01468
KMTS01,I,8340.27867,0.0,0.0,17.220973,0.014291
KMTS01,I,8340.29736,0.0,0.0,17.219549,0.016356
KMTS01,I,8340.31509,0.0,0.0,17.212979,0.014576
KMTS01,I,8340.33271,0.0,0.0,17.220645,0.017643
KMTS01,I,8340.3621,0.0,0.0,17.175594,0.015415
KMTS01,I,8340.37996,0.0,0.0,17.197334,0.01613
KMTS01,I,8340.39762,0.0,0.0,17.225575,0.018046
KMTS01,I,8340.41538,0.0,0.0,17.216702,0.019124
KMTS01,I,8340.43322,0.0,0.0,17.189245,0.022457
KMTS01,I,8340.46459,0.0,0.0,17.230288,0.022431
KMTS01,I,8340.47433,0.0,0.0,17.218454,0.020916
KMTS01,I,8340.48915,0.0,0.0,17.215716,0.019917
KMTS01,I,8341.23719,0.0,0.0,17.138099,0.036795
KMTS01,I,8341.25479,0.0,0.0,17.230288,0.015482
KMTS01,I,8341.27269,0.0,0.0,17.225685,0.014886
KMTS01,I,8341.29024,0.0,0.0,17.2327,0.013129
KMTS01,I,8341.30788,0.0,0.0,17.225246,0.013512
KMTS01,I,8341.33007,0.0,0.0,17.203787,0.01486
KMTS01,I,8341.359,0.0,0.0,17.21495,0.018328
KMTS01,I,8341.37694,0.0,0.0,17.23588,0.013524
KMTS01,I,8341.39628,0.0,0.0,17.227438,0.013221
KMTS01,I,8341.41396,0.0,0.0,17.213089,0.015854
KMTS01,I,8341.43179,0.0,0.0,17.193726,0.013771
KMTS01,I,8342.2232,0.0,0.0,17.225465,0.018939
KMTS01,I,8342.24549,0.0,0.0,17.202911,0.016236
KMTS01,I,8342.2655,0.0,0.0,17.216702,0.016648
KMTS01,I,8342.28382,0.0,0.0,17.204334,0.01545
KMTS01,I,8342.30183,0.0,0.0,17.200177,0.016429
KMTS01,I,8342.39694,0.0,0.0,17.192742,0.022563
KMTS01,I,8343.38376,0.0,0.0,17.199193,0.018503
KMTS01,I,8343.40131,0.0,0.0,17.181599,0.018478
KMTS01,I,8343.41951,0.0,0.0,17.217797,0.01586
KMTS01,I,8343.43737,0.0,0.0,17.224698,0.021723
KMTS01,I,8343.46902,0.0,0.0,17.223931,0.019334
KMTS01,I,8344.24285,0.0,0.0,17.21079,0.019016
KMTS01,I,8344.265,0.0,0.0,17.220645,0.018237
KMTS01,I,8344.30533,0.0,0.0,17.252672,0.016499
KMTS01,I,8344.32743,0.0,0.0,17.214621,0.030597
KMTS01,I,8344.33218,0.0,0.0,17.215169,0.015266
KMTS01,I,8344.36192,0.0,0.0,17.234893,0.016772
KMTS01,I,8344.39444,0.0,0.0,17.250147,0.014423
KMTS01,I,8344.39613,0.0,0.0,17.226233,0.014985
KMTS01,I,8344.41714,0.0,0.0,17.232042,0.015287
KMTS01,I,8344.44027,0.0,0.0,17.23281,0.015189
KMTS01,I,8345.24393,0.0,0.0,17.211447,0.015557
KMTS01,I,8345.26467,0.0,0.0,17.241256,0.01797
KMTS01,I,8345.29314,0.0,0.0,17.246524,0.017382
KMTS01,I,8345.31719,0.0,0.0,17.235771,0.01618
KMTS01,I,8345.33686,0.0,0.0,17.220645,0.01616
KMTS01,I,8345.3545,0.0,0.0,17.233906,0.013913
KMTS01,I,8345.37205,0.0,0.0,17.240488,0.016779
KMTS01,I,8345.40196,0.0,0.0,17.222945,0.019928
KMTS01,I,8345.422,0.0,0.0,17.219549,0.017839
KMTS01,I,8345.43948,0.0,0.0,17.195147,0.017113
KMTS01,I,8345.45715,0.0,0.0,17.225246,0.01587
KMTS01,I,8345.45895,0.0,0.0,17.199958,0.016133
KMTS01,I,8345.47361,0.0,0.0,17.242573,0.01996
KMTS01,I,8346.22889,0.0,0.0,17.226013,0.013709
KMTS01,I,8346.24634,0.0,0.0,17.21495,0.015463
KMTS01,I,8346.27548,0.0,0.0,17.237416,0.014212
KMTS01,I,8346.29342,0.0,0.0,17.234893,0.014012
KMTS01,I,8346.31108,0.0,0.0,17.224589,0.015475
KMTS01,I,8346.32877,0.0,0.0,17.22985,0.015876
KMTS01,I,8346.34704,0.0,0.0,17.227,0.016366
KMTS01,I,8346.3667,0.0,0.0,17.222945,0.016262
KMTS01,I,8346.39772,0.0,0.0,17.207835,0.016143
KMTS01,I,8346.41527,0.0,0.0,17.252672,0.015313
KMTS01,I,8346.43318,0.0,0.0,17.223822,0.014098
KMTS01,I,8346.45108,0.0,0.0,17.219659,0.015173
KMTS01,I,8346.46123,0.0,0.0,17.212103,0.015361
KMTS01,I,8346.47601,0.0,0.0,17.204334,0.015843
KMTS01,I,8347.24552,0.0,0.0,17.228534,0.021032
KMTS01,I,8348.23575,0.0,0.0,17.242243,0.025753
KMTS01,I,8348.25323,0.0,0.0,17.219878,0.023908
KMTS01,I,8348.27092,0.0,0.0,17.192305,0.029344
KMTS01,I,8348.2884,0.0,0.0,17.216921,0.01972
KMTS01,I,8348.306,0.0,0.0,17.224151,0.024216
KMTS01,I,8348.33637,0.0,0.0,17.213526,0.025893
KMTS01,I,8348.35467,0.0,0.0,17.221631,0.024611
KMTS01,I,8348.37222,0.0,0.0,17.249268,0.024766
KMTS01,I,8348.3899,0.0,0.0,17.207069,0.024582
KMTS01,I,8348.40756,0.0,0.0,17.23972,0.02705
KMTS01,I,8348.43682,0.0,0.0,17.216592,0.023902
KMTS01,I,8348.4507,0.0,0.0,17.251025,0.02517
KMTS01,I,8348.46551,0.0,0.0,17.24828,0.020069
KMTS01,I,8349.22787,0.0,0.0,17.224918,0.016264
KMTS01,I,8349.2459,0.0,0.0,17.216045,0.018429
KMTS01,I,8349.26367,0.0,0.0,17.20871,0.01822
KMTS01,I,8349.28133,0.0,0.0,17.19154,0.019879
KMTS01,I,8349.29977,0.0,0.0,17.236319,0.01717
KMTS01,I,8349.31773,0.0,0.0,17.240817,0.018565
KMTS01,I,8349.34936,0.0,0.0,17.223384,0.017053
KMTS01,I,8349.36865,0.0,0.0,17.240159,0.016977
KMTS01,I,8349.39782,0.0,0.0,17.234345,0.015487
KMTS01,I,8349.41597,0.0,0.0,17.225465,0.015377
KMTS01,I,8349.43821,0.0,0.0,17.172538,0.017083
KMTS01,I,8349.45087,0.0,0.0,17.238732,0.017768
KMTS01,I,8349.46563,0.0,0.0,17.201052,0.019398
KMTS01,I,8350.2593,0.0,0.0,17.006049,0.236624
KMTS01,I,8350.29469,0.0,0.0,17.232481,0.026533
KMTS01,I,8350.31242,0.0,0.0,17.128959,0.117925
KMTS01,I,8350.33507,0.0,0.0,16.96072,0.318605
KMTS01,I,8350.38255,0.0,0.0,17.360245,0.124974
KMTS01,I,8352.23391,0.0,0.0,17.16392,0.041066
KMTS01,I,8352.26427,0.0,0.0,17.181817,0.036518
KMTS01,I,8352.28221,0.0,0.0,17.207288,0.034385
KMTS01,I,8352.29992,0.0,0.0,17.158904,0.030265
KMTS01,I,8352.32228,0.0,0.0,17.176249,0.032903
KMTS01,I,8352.34001,0.0,0.0,17.239939,0.031664
KMTS01,I,8352.35918,0.0,0.0,17.260143,0.034533
KMTS01,I,8352.3887,0.0,0.0,17.253002,0.033809
KMTS01,I,8352.40714,0.0,0.0,17.266299,0.032135
KMTS01,I,8352.42494,0.0,0.0,17.195038,0.028651
KMTS01,I,8352.45859,0.0,0.0,17.226123,0.031027
KMTS01,I,8353.24413,0.0,0.0,17.242134,0.023452
KMTS01,I,8353.2616,0.0,0.0,17.26487,0.020596
KMTS01,I,8353.29165,0.0,0.0,17.198974,0.019097
KMTS01,I,8353.30951,0.0,0.0,17.24839,0.018378
KMTS01,I,8353.32761,0.0,0.0,17.239939,0.020454
KMTS01,I,8353.34544,0.0,0.0,17.257176,0.02228
KMTS01,I,8353.36312,0.0,0.0,17.244219,0.021358
KMTS01,I,8353.39238,0.0,0.0,17.244767,0.017776
KMTS01,I,8353.41035,0.0,0.0,17.199083,0.018404
KMTS01,I,8353.42783,0.0,0.0,17.202693,0.017519
KMTS01,I,8353.4391,0.0,0.0,17.213526,0.019516
KMTS01,I,8353.4545,0.0,0.0,17.241695,0.019561
KMTS01,I,8354.23805,0.0,0.0,17.193617,0.026351
KMTS01,I,8354.27224,0.0,0.0,17.244658,0.022857
KMTS01,I,8354.29593,0.0,0.0,17.208054,0.024285
KMTS01,I,8354.32773,0.0,0.0,17.218673,0.019623
KMTS01,I,8354.35197,0.0,0.0,17.216045,0.019421
KMTS01,I,8354.38509,0.0,0.0,17.231604,0.023831
KMTS01,I,8354.41144,0.0,0.0,17.192633,0.01998
KMTS01,I,8354.43504,0.0,0.0,17.229521,0.028329
KMTS01,I,8354.4398,0.0,0.0,17.175266,0.026812
KMTS01,I,8354.45448,0.0,0.0,17.172538,0.030097
KMTS01,I,8355.23291,0.0,0.0,17.194054,0.017606
KMTS01,I,8355.26432,0.0,0.0,17.226342,0.014592
KMTS01,I,8355.28831,0.0,0.0,17.247621,0.015109
KMTS01,I,8355.31205,0.0,0.0,17.208273,0.015258
KMTS01,I,8355.34349,0.0,0.0,17.204443,0.016041
KMTS01,I,8355.36716,0.0,0.0,17.22185,0.01715
KMTS01,I,8355.40016,0.0,0.0,17.202802,0.017222
KMTS01,I,8355.42405,0.0,0.0,17.214512,0.016547
KMTS01,I,8355.43316,0.0,0.0,17.199083,0.018899
KMTS01,I,8355.44801,0.0,0.0,17.253551,0.023674
KMTS01,I,8359.23637,0.0,0.0,17.214183,0.016546
KMTS01,I,8359.25942,0.0,0.0,17.229521,0.015974
KMTS01,I,8359.29235,0.0,0.0,17.206959,0.017525
KMTS01,I,8359.31727,0.0,0.0,17.22426,0.017153
KMTS01,I,8359.34889,0.0,0.0,17.237526,0.016676
KMTS01,I,8359.3729,0.0,0.0,17.24861,0.016592
KMTS01,I,8359.39609,0.0,0.0,17.227438,0.017553
KMTS01,I,8359.42499,0.0,0.0,17.229082,0.015185
KMTS01,I,8359.43963,0.0,0.0,17.22174,0.015176
KMTS01,I,8360.23135,0.0,0.0,17.227767,0.016465
KMTS01,I,8360.2799,0.0,0.0,17.216373,0.022406
KMTS01,I,8360.30797,0.0,0.0,17.220097,0.022712
KMTS01,I,8360.33556,0.0,0.0,17.222617,0.013314
KMTS01,I,8360.36124,0.0,0.0,17.206303,0.013589
KMTS01,I,8360.39953,0.0,0.0,17.168937,0.024111
KMTS01,I,8360.42091,0.0,0.0,17.2327,0.01895
KMTS01,I,8360.43568,0.0,0.0,17.239281,0.019557
KMTS01,I,8361.23446,0.0,0.0,17.21068,0.074489
KMTS01,I,8361.26565,0.0,0.0,17.227877,0.023724
KMTS01,I,8361.29493,0.0,0.0,17.24367,0.037
KMTS01,I,8361.32176,0.0,0.0,17.212103,0.032995
KMTS01,I,8361.3521,0.0,0.0,17.179742,0.041517
KMTS01,I,8361.37823,0.0,0.0,17.224151,0.073965
KMTS01,I,8361.4022,0.0,0.0,17.213417,0.064645
KMTS01,I,8361.40704,0.0,0.0,17.223822,0.023018
KMTS01,I,8361.42192,0.0,0.0,17.285556,0.112007
KMTS01,I,8362.21737,0.0,0.0,17.253771,0.036326
KMTS01,I,8362.25554,0.0,0.0,17.186295,0.015133
KMTS01,I,8362.27938,0.0,0.0,17.212322,0.023196
KMTS01,I,8362.31016,0.0,0.0,17.250257,0.018182
KMTS01,I,8362.33371,0.0,0.0,17.204662,0.015549
KMTS01,I,8362.35713,0.0,0.0,17.22974,0.013224
KMTS01,I,8362.39001,0.0,0.0,17.231713,0.012154
KMTS01,I,8362.40929,0.0,0.0,17.200286,0.013095
KMTS01,I,8362.4239,0.0,0.0,17.22689,0.015773
KMTS01,I,8365.22976,0.0,0.0,17.223822,0.017746
KMTS01,I,8365.25685,0.0,0.0,17.218125,0.014288
KMTS01,I,8365.285,0.0,0.0,17.257506,0.015813
KMTS01,I,8365.30885,0.0,0.0,17.231713,0.015287
KMTS01,I,8365.34205,0.0,0.0,17.233687,0.015782
KMTS01,I,8365.36629,0.0,0.0,17.222836,0.018736
KMTS01,I,8365.39381,0.0,0.0,17.223931,0.01646
KMTS01,I,8365.409,0.0,0.0,17.233906,0.017959
KMTS01,I,8365.4235,0.0,0.0,17.235113,0.019053
KMTS01,I,8366.21406,0.0,0.0,17.268828,0.025609
KMTS01,I,8366.24214,0.0,0.0,17.187279,0.017893
KMTS01,I,8366.26911,0.0,0.0,17.17745,0.018472
KMTS01,I,8366.30001,0.0,0.0,17.257945,0.021682
KMTS01,I,8366.32577,0.0,0.0,17.21944,0.017443
KMTS01,I,8366.35276,0.0,0.0,17.203568,0.0196
KMTS01,I,8366.38377,0.0,0.0,17.200833,0.026865
KMTS01,I,8366.40192,0.0,0.0,17.172756,0.02382
KMTS01,I,8366.41652,0.0,0.0,17.241256,0.021054
KMTS01,I,8368.23114,0.0,0.0,17.198974,0.02347
KMTS01,I,8368.26314,0.0,0.0,17.241036,0.024149
KMTS01,I,8370.22041,0.0,0.0,17.241036,0.021752
KMTS01,I,8370.24394,0.0,0.0,17.233797,0.018256
KMTS01,I,8370.26823,0.0,0.0,17.186405,0.02983
KMTS01,I,8370.29985,0.0,0.0,17.223164,0.017448
KMTS01,I,8370.32299,0.0,0.0,17.206193,0.020696
KMTS01,I,8371.23724,0.0,0.0,17.229302,0.019243
KMTS01,I,8371.26316,0.0,0.0,17.225356,0.016364
KMTS01,I,8371.28688,0.0,0.0,17.213417,0.01389
KMTS01,I,8371.32068,0.0,0.0,17.219221,0.015862
KMTS01,I,8371.3442,0.0,0.0,17.208601,0.019012
KMTS01,I,8371.37338,0.0,0.0,17.237087,0.01727
KMTS01,I,8371.39047,0.0,0.0,17.207725,0.018516
KMTS01,I,8371.40491,0.0,0.0,17.232481,0.01895
KMTS01,I,8372.2174,0.0,0.0,17.216483,0.026599
KMTS01,I,8372.24495,0.0,0.0,17.219768,0.01224
KMTS01,I,8372.27313,0.0,0.0,17.230507,0.019841
KMTS01,I,8372.30507,0.0,0.0,17.235661,0.013328
KMTS01,I,8372.33057,0.0,0.0,17.223712,0.01273
KMTS01,I,8372.35863,0.0,0.0,17.234455,0.014306
KMTS01,I,8372.38809,0.0,0.0,17.217359,0.014385
KMTS01,I,8372.40316,0.0,0.0,17.224479,0.014786
KMTS01,I,8373.24847,0.0,0.0,17.233797,0.015388
KMTS01,I,8373.27183,0.0,0.0,17.214293,0.014774
KMTS01,I,8373.30296,0.0,0.0,17.237087,0.014309
KMTS01,I,8373.32631,0.0,0.0,17.196459,0.019192
KMTS01,I,8373.3498,0.0,0.0,17.235113,0.015981
KMTS01,I,8373.38015,0.0,0.0,17.198099,0.017216
KMTS01,I,8373.39501,0.0,0.0,17.219002,0.017541
KMTS01,I,8374.24774,0.0,0.0,17.224698,0.017055
KMTS01,I,8374.27127,0.0,0.0,17.221083,0.018932
KMTS01,I,8374.30226,0.0,0.0,17.221412,0.014586
KMTS01,I,8375.24017,0.0,0.0,17.223931,0.015572
KMTS01,I,8375.26363,0.0,0.0,17.241365,0.020655
KMTS01,I,8375.28737,0.0,0.0,17.228863,0.015086
KMTS01,I,8375.32631,0.0,0.0,17.247073,0.015207
KMTS01,I,8375.3497,0.0,0.0,17.180834,0.019664
KMTS01,I,8375.37888,0.0,0.0,17.196241,0.026756
KMTS01,I,8376.2568,0.0,0.0,17.352377,0.053505
KMTS01,I,8376.28505,0.0,0.0,17.223055,0.018637
KMTS01,I,8376.30862,0.0,0.0,17.167301,0.030784
KMTS01,I,8376.34039,0.0,0.0,17.218783,0.01764
KMTS01,I,8376.36457,0.0,0.0,17.207944,0.01457
KMTS01,I,8376.37502,0.0,0.0,17.153999,0.040835
KMTS01,I,8376.38971,0.0,0.0,17.205209,0.019106
KMTS01,I,8377.25646,0.0,0.0,17.210571,0.026087
KMTS01,I,8377.2835,0.0,0.0,17.214402,0.033302
KMTS01,I,8377.32397,0.0,0.0,17.236429,0.033261
KMTS01,I,8377.34747,0.0,0.0,17.196241,0.023963
KMTS01,I,8377.37331,0.0,0.0,17.203568,0.032072
KMTS01,I,8377.38772,0.0,0.0,17.223493,0.036738
KMTS01,I,8378.25525,0.0,0.0,17.236538,0.018658
KMTS01,I,8378.28024,0.0,0.0,17.255748,0.048523
KMTS01,I,8378.3039,0.0,0.0,17.152801,0.045429
KMTS01,I,8378.33523,0.0,0.0,17.304844,0.221468
KMTS01,I,8378.35866,0.0,0.0,16.714628,0.343537
KMTS01,I,8378.37078,0.0,0.0,17.307713,0.129571
KMTS01,I,8378.38564,0.0,0.0,17.24356,0.026757
KMTS01,I,8379.23736,0.0,0.0,17.237635,0.065074
KMTS01,I,8382.25854,0.0,0.0,17.214621,0.019915
KMTS01,I,8382.28223,0.0,0.0,17.19963,0.018603
KMTS01,I,8382.3058,0.0,0.0,17.209367,0.016244
KMTS01,I,8382.3388,0.0,0.0,17.216483,0.018628
KMTS01,I,8382.35931,0.0,0.0,17.211228,0.016148
KMTS01,I,8382.37403,0.0,0.0,17.204771,0.017818
KMTS01,I,8383.26517,0.0,0.0,17.221631,0.016457
KMTS01,I,8383.30016,0.0,0.0,17.212541,0.017038
KMTS01,I,8383.32808,0.0,0.0,17.212979,0.014674
KMTS01,I,8383.35202,0.0,0.0,17.225685,0.021625
KMTS01,I,8383.35516,0.0,0.0,17.211994,0.018026
KMTS01,I,8383.37028,0.0,0.0,17.211775,0.015853
KMTS01,I,8384.24159,0.0,0.0,17.279831,0.019423
KMTS01,I,8384.27623,0.0,0.0,17.198318,0.020187
KMTS01,I,8384.31033,0.0,0.0,17.215059,0.020612
KMTS01,I,8384.33795,0.0,0.0,17.235661,0.018061
KMTS01,I,8384.35215,0.0,0.0,17.198427,0.018601
KMTS01,I,8384.36828,0.0,0.0,17.207069,0.021294
KMTS01,I,8385.26912,0.0,0.0,17.207397,0.015946
KMTS01,I,8385.29258,0.0,0.0,17.24828,0.018377
KMTS01,I,8385.32436,0.0,0.0,17.209367,0.020602
KMTS01,I,8385.34983,0.0,0.0,17.221959,0.028712
KMTS01,I,8386.30084,0.0,0.0,17.181708,0.05696
KMTS01,I,8388.23749,0.0,0.0,17.227109,0.013514
KMTS01,I,8388.26837,0.0,0.0,17.214731,0.01922
KMTS01,I,8388.29215,0.0,0.0,17.2395,0.017075
KMTS01,I,8388.32302,0.0,0.0,17.228973,0.015776
KMTS01,I,8388.34347,0.0,0.0,17.247073,0.017581
KMTS01,I,8389.23737,0.0,0.0,17.219111,0.014289
KMTS01,I,8389.26556,0.0,0.0,17.223931,0.014392
KMTS01,I,8389.2983,0.0,0.0,17.233358,0.015683
KMTS01,I,8389.33134,0.0,0.0,17.235003,0.016772
KMTS01,I,8389.33776,0.0,0.0,17.203349,0.01841
KMTS01,I,8389.33924,0.0,0.0,17.21933,0.026005
KMTS01,I,8389.35423,0.0,0.0,17.211118,0.023892
KMTS01,I,8390.22693,0.0,0.0,17.212541,0.021503
KMTS01,I,8390.22843,0.0,0.0,17.235442,0.023938
KMTS01,I,8390.23013,0.0,0.0,17.206631,0.019208
KMTS01,I,8390.26224,0.0,0.0,17.215388,0.016055
KMTS01,I,8390.28582,0.0,0.0,17.209039,0.015554
KMTS01,I,8390.30958,0.0,0.0,17.202911,0.01535
KMTS01,I,8390.33647,0.0,0.0,17.195147,0.016127
KMTS01,I,8390.35142,0.0,0.0,17.188808,0.020271
KMTS01,I,8391.24629,0.0,0.0,17.201161,0.015151
KMTS01,I,8391.27067,0.0,0.0,17.205865,0.016437
KMTS01,I,8391.30278,0.0,0.0,17.21079,0.017431
KMTS01,I,8391.33173,0.0,0.0,17.208054,0.021296
KMTS01,I,8391.33317,0.0,0.0,17.182254,0.019072
KMTS01,I,8391.33559,0.0,0.0,17.233906,0.020245
KMTS01,I,8391.35001,0.0,0.0,17.144522,0.031926
KMTS01,I,8392.22552,0.0,0.0,17.212979,0.019813
KMTS01,I,8392.24899,0.0,0.0,17.207507,0.013493
KMTS01,I,8392.28107,0.0,0.0,17.197115,0.027257
KMTS01,I,8392.30552,0.0,0.0,17.209258,0.015259
KMTS01,I,8392.32976,0.0,0.0,17.213308,0.018425
KMTS01,I,8392.33125,0.0,0.0,17.238513,0.017074
KMTS01,I,8392.34635,0.0,0.0,17.192852,0.018296
KMTS01,I,8393.2423,0.0,0.0,17.180507,0.025029
KMTS01,I,8393.26957,0.0,0.0,17.184985,0.016804
KMTS01,I,8393.32792,0.0,0.0,17.187169,0.021559
KMTS01,I,8393.34279,0.0,0.0,17.189682,0.02425
KMTS01,I,8395.24928,0.0,0.0,17.211884,0.015557
KMTS01,I,8395.27317,0.0,0.0,17.223055,0.012826
KMTS01,I,8395.29677,0.0,0.0,17.198974,0.015738
KMTS01,I,8395.32256,0.0,0.0,17.200068,0.015937
KMTS01,I,8395.33754,0.0,0.0,17.205756,0.023283
KMTS01,I,8396.24007,0.0,0.0,17.213417,0.017435
KMTS01,I,8396.26353,0.0,0.0,17.218016,0.015762
KMTS01,I,8396.29791,0.0,0.0,17.204005,0.019006
KMTS01,I,8396.33558,0.0,0.0,17.205318,0.020397
KMTS01,I,8397.24247,0.0,0.0,17.209476,0.018122
KMTS01,I,8397.26619,0.0,0.0,17.194601,0.014947
KMTS01,I,8397.33308,0.0,0.0,17.252672,0.019279
KMTS01,I,8398.24255,0.0,0.0,17.215278,0.014579
KMTS01,I,8398.2698,0.0,0.0,17.224808,0.014786
KMTS01,I,8398.2724,0.0,0.0,17.210243,0.016344
KMTS01,I,8398.29949,0.0,0.0,17.210461,0.015556
KMTS01,I,8398.33331,0.0,0.0,17.174502,0.015022
KMTS01,I,8399.24669,0.0,0.0,17.196678,0.01397
KMTS01,I,8399.28784,0.0,0.0,17.211665,0.014378
KMTS01,I,8399.31032,0.0,0.0,17.209148,0.016244
KMTS01,I,8399.32501,0.0,0.0,17.21933,0.021714
KMTS01,I,8401.25874,0.0,0.0,17.227,0.013416
KMTS01,I,8401.28607,0.0,0.0,17.178323,0.016204
KMTS01,I,8401.30598,0.0,0.0,17.213198,0.015362
KMTS01,I,8401.32077,0.0,0.0,17.189792,0.014256
KMTS01,I,8402.25762,0.0,0.0,17.197443,0.020384
KMTS01,I,8402.28112,0.0,0.0,17.179852,0.015617
KMTS01,I,8402.30372,0.0,0.0,17.182363,0.01621
KMTS01,I,8402.31908,0.0,0.0,17.19318,0.017308
KMTS01,I,8404.27989,0.0,0.0,17.165665,0.026892
KMTS01,I,8404.30831,0.0,0.0,17.164029,0.040966
KMTS01,I,8405.27759,0.0,0.0,17.173302,0.056622
KMTS01,I,8405.29406,0.0,0.0,17.185858,0.02903
KMTS01,I,8406.26247,0.0,0.0,17.21068,0.02429
KMTS01,I,8406.29193,0.0,0.0,17.136684,0.029717
KMTS01,I,8406.30679,0.0,0.0,17.1467,0.035721
KMTS01,I,8407.266,0.0,0.0,17.181271,0.027522
KMTS01,I,8407.28576,0.0,0.0,17.269818,0.084049
KMTS01,I,8407.30032,0.0,0.0,17.154653,0.024184
KMTS42,I,8172.59047,0.0,0.0,17.22998,0.019484
KMTS42,I,8172.60236,0.0,0.0,17.203258,0.020153
KMTS42,I,8172.61423,0.0,0.0,17.225389,0.019126
KMTS42,I,8172.62634,0.0,0.0,17.212452,0.019505
KMTS42,I,8172.63803,0.0,0.0,17.23766,0.021019
KMTS42,I,8174.58271,0.0,0.0,17.27862,0.028966
KMTS42,I,8175.57661,0.0,0.0,17.20232,0.024807
KMTS42,I,8175.59555,0.0,0.0,17.212639,0.023513
KMTS42,I,8175.61916,0.0,0.0,17.222202,0.014332
KMTS42,I,8175.63246,0.0,0.0,17.226419,0.01298
KMTS42,I,8175.64403,0.0,0.0,17.256844,0.019632
KMTS42,I,8176.57275,0.0,0.0,17.21067,0.013172
KMTS42,I,8176.59736,0.0,0.0,17.228668,0.012979
KMTS42,I,8176.60773,0.0,0.0,17.225389,0.012444
KMTS42,I,8176.61977,0.0,0.0,17.232134,0.011814
KMTS42,I,8176.63351,0.0,0.0,17.23176,0.012082
KMTS42,I,8176.64539,0.0,0.0,17.21639,0.017956
KMTS42,I,8177.58039,0.0,0.0,17.229792,0.018304
KMTS42,I,8177.60047,0.0,0.0,17.226045,0.014869
KMTS42,I,8177.61208,0.0,0.0,17.22923,0.013337
KMTS42,I,8177.62397,0.0,0.0,17.2444,0.01225
KMTS42,I,8177.63576,0.0,0.0,17.219578,0.012448
KMTS42,I,8177.65071,0.0,0.0,17.241686,0.028396
KMTS42,I,8178.57128,0.0,0.0,17.250951,0.026099
KMTS42,I,8178.58346,0.0,0.0,17.216109,0.017593
KMTS42,I,8178.60437,0.0,0.0,17.24103,0.025021
KMTS42,I,8178.61839,0.0,0.0,17.224733,0.023222
KMTS42,I,8178.63056,0.0,0.0,17.176588,0.024479
KMTS42,I,8178.64254,0.0,0.0,17.208512,0.027173
KMTS42,I,8178.64556,0.0,0.0,17.197158,0.028656
KMTS42,I,8181.56167,0.0,0.0,17.233914,0.020206
KMTS42,I,8181.57749,0.0,0.0,17.221827,0.019221
KMTS42,I,8181.59709,0.0,0.0,17.255254,0.018999
KMTS42,I,8181.61075,0.0,0.0,17.250015,0.017556
KMTS42,I,8181.62478,0.0,0.0,17.244494,0.018196
KMTS42,I,8181.63202,0.0,0.0,17.207105,0.016968
KMTS42,I,8181.64391,0.0,0.0,17.246646,0.018919
KMTS42,I,8181.64531,0.0,0.0,17.220515,0.020131
KMTS42,I,8182.59107,0.0,0.0,17.201851,0.021157
KMTS42,I,8182.60351,0.0,0.0,17.296914,0.033575
KMTS42,I,8182.62325,0.0,0.0,17.232415,0.026494
KMTS42,I,8182.63586,0.0,0.0,17.283289,0.03087
KMTS42,I,8182.64923,0.0,0.0,17.261052,0.027722
KMTS42,I,8183.55268,0.0,0.0,17.283569,0.028592
KMTS42,I,8189.53269,0.0,0.0,17.219953,0.024871
KMTS42,I,8189.54754,0.0,0.0,17.238222,0.023567
KMTS42,I,8190.52979,0.0,0.0,17.231853,0.013245
KMTS42,I,8190.5469,0.0,0.0,17.232041,0.012797
KMTS42,I,8190.56829,0.0,0.0,17.229792,0.012172
KMTS42,I,8190.58022,0.0,0.0,17.232041,0.011903
KMTS42,I,8190.59198,0.0,0.0,17.227638,0.011371
KMTS42,I,8190.60381,0.0,0.0,17.232041,0.012707
KMTS42,I,8190.61575,0.0,0.0,17.231479,0.011725
KMTS42,I,8190.63715,0.0,0.0,17.229511,0.011726
KMTS42,I,8190.64916,0.0,0.0,17.233446,0.014682
KMTS42,I,8195.5625,0.0,0.0,17.229886,0.011281
KMTS42,I,8195.57654,0.0,0.0,17.218171,0.010845
KMTS42,I,8195.58882,0.0,0.0,17.212452,0.012185
KMTS42,I,8195.6144,0.0,0.0,17.219578,0.012001
KMTS42,I,8195.62636,0.0,0.0,17.22417,0.01173
KMTS42,I,8195.63806,0.0,0.0,17.21217,0.011917
KMTS42,I,8195.6497,0.0,0.0,17.216953,0.012809
KMTS42,I,8195.66158,0.0,0.0,17.227169,0.018579
KMTS42,I,8196.52617,0.0,0.0,17.222858,0.016408
KMTS42,I,8196.54622,0.0,0.0,17.227544,0.016946
KMTS42,I,8196.55818,0.0,0.0,17.218171,0.019225
KMTS42,I,8196.57013,0.0,0.0,17.219484,0.016864
KMTS42,I,8196.58188,0.0,0.0,17.211983,0.017144
KMTS42,I,8196.59377,0.0,0.0,17.21142,0.014161
KMTS42,I,8196.61494,0.0,0.0,17.203634,0.015432
KMTS42,I,8196.6304,0.0,0.0,17.244681,0.014942
KMTS42,I,8196.64361,0.0,0.0,17.235319,0.013063
KMTS42,I,8196.65554,0.0,0.0,17.223608,0.015955
KMTS42,I,8197.52351,0.0,0.0,17.222483,0.013612
KMTS42,I,8197.53564,0.0,0.0,17.219015,0.012986
KMTS42,I,8197.54964,0.0,0.0,17.218734,0.014335
KMTS42,I,8197.5739,0.0,0.0,17.236723,0.011989
KMTS42,I,8197.58569,0.0,0.0,17.236817,0.014139
KMTS42,I,8197.59764,0.0,0.0,17.224733,0.012534
KMTS42,I,8197.61162,0.0,0.0,17.220703,0.01111
KMTS42,I,8197.62334,0.0,0.0,17.221359,0.012895
KMTS42,I,8197.6452,0.0,0.0,17.229043,0.014146
KMTS42,I,8197.65701,0.0,0.0,17.210857,0.014342
KMTS42,I,8197.6602,0.0,0.0,17.239158,0.017025
KMTS42,I,8200.50813,0.0,0.0,17.204947,0.015973
KMTS42,I,8200.51998,0.0,0.0,17.217515,0.01578
KMTS42,I,8200.532,0.0,0.0,17.226326,0.014508
KMTS42,I,8200.54591,0.0,0.0,17.226701,0.01307
KMTS42,I,8200.57726,0.0,0.0,17.230261,0.012083
KMTS42,I,8200.58928,0.0,0.0,17.232415,0.014233
KMTS42,I,8200.6058,0.0,0.0,17.237847,0.011988
KMTS42,I,8200.62087,0.0,0.0,17.217796,0.011735
KMTS42,I,8200.63241,0.0,0.0,17.217609,0.013616
KMTS42,I,8200.65379,0.0,0.0,17.251886,0.012245
KMTS42,I,8201.50797,0.0,0.0,17.21489,0.017957
KMTS42,I,8201.52376,0.0,0.0,17.192933,0.016438
KMTS42,I,8201.53559,0.0,0.0,17.212077,0.019687
KMTS42,I,8201.54728,0.0,0.0,17.219484,0.017045
KMTS42,I,8201.5592,0.0,0.0,17.24805,0.017739
KMTS42,I,8201.58187,0.0,0.0,17.223889,0.017131
KMTS42,I,8201.59354,0.0,0.0,17.252728,0.015115
KMTS42,I,8201.60731,0.0,0.0,17.216109,0.014608
KMTS42,I,8201.61912,0.0,0.0,17.229792,0.01622
KMTS42,I,8201.631,0.0,0.0,17.238783,0.017297
KMTS42,I,8201.65041,0.0,0.0,17.227544,0.016132
KMTS42,I,8203.50028,0.0,0.0,17.217796,0.017047
KMTS42,I,8203.51464,0.0,0.0,17.235974,0.01396
KMTS42,I,8203.52845,0.0,0.0,17.215453,0.013978
KMTS42,I,8203.54271,0.0,0.0,17.226607,0.013968
KMTS42,I,8203.55865,0.0,0.0,17.224826,0.015592
KMTS42,I,8203.56,0.0,0.0,17.232696,0.015856
KMTS42,I,8203.57182,0.0,0.0,17.200818,0.015254
KMTS42,I,8203.59492,0.0,0.0,17.228668,0.014957
KMTS42,I,8203.60666,0.0,0.0,17.225108,0.013879
KMTS42,I,8203.61854,0.0,0.0,17.225014,0.01334
KMTS42,I,8203.63035,0.0,0.0,17.236536,0.014139
KMTS42,I,8203.64555,0.0,0.0,17.218078,0.013616
KMTS42,I,8203.66488,0.0,0.0,17.238128,0.019474
KMTS42,I,8204.49872,0.0,0.0,17.210201,0.014252
KMTS42,I,8204.51244,0.0,0.0,17.222577,0.015595
KMTS42,I,8204.52418,0.0,0.0,17.224358,0.011909
KMTS42,I,8204.54371,0.0,0.0,17.216953,0.013347
KMTS42,I,8204.5558,0.0,0.0,17.230354,0.013875
KMTS42,I,8204.5793,0.0,0.0,17.223233,0.014061
KMTS42,I,8204.58231,0.0,0.0,17.248424,0.01368
KMTS42,I,8204.59647,0.0,0.0,17.239252,0.013777
KMTS42,I,8204.61578,0.0,0.0,17.228012,0.013158
KMTS42,I,8204.6296,0.0,0.0,17.211514,0.011739
KMTS42,I,8204.6417,0.0,0.0,17.209826,0.011028
KMTS42,I,8204.66454,0.0,0.0,17.259556,0.020445
KMTS42,I,8205.49189,0.0,0.0,17.188614,0.019351
KMTS42,I,8205.50361,0.0,0.0,17.219765,0.021316
KMTS42,I,8205.51604,0.0,0.0,17.207856,0.017511
KMTS42,I,8205.53357,0.0,0.0,17.212827,0.019868
KMTS42,I,8205.54559,0.0,0.0,17.217234,0.014697
KMTS42,I,8205.57298,0.0,0.0,17.224358,0.018945
KMTS42,I,8205.58576,0.0,0.0,17.214702,0.016688
KMTS42,I,8205.59768,0.0,0.0,17.233539,0.015494
KMTS42,I,8205.60967,0.0,0.0,17.245243,0.018739
KMTS42,I,8205.62164,0.0,0.0,17.242528,0.020104
KMTS42,I,8205.64578,0.0,0.0,17.230354,0.015768
KMTS42,I,8205.65779,0.0,0.0,17.213014,0.01914
KMTS42,I,8210.4842,0.0,0.0,17.23972,0.017205
KMTS42,I,8210.496,0.0,0.0,17.20476,0.016698
KMTS42,I,8210.50769,0.0,0.0,17.210482,0.017871
KMTS42,I,8210.51953,0.0,0.0,17.250577,0.015928
KMTS42,I,8210.53846,0.0,0.0,17.242341,0.014044
KMTS42,I,8210.55144,0.0,0.0,17.229699,0.01613
KMTS42,I,8210.5633,0.0,0.0,17.22314,0.017857
KMTS42,I,8210.57483,0.0,0.0,17.227263,0.02167
KMTS42,I,8210.58657,0.0,0.0,17.008792,0.070142
KMTS42,I,8210.61412,0.0,0.0,17.270492,0.060503
KMTS42,I,8210.62682,0.0,0.0,17.233071,0.033438
KMTS42,I,8210.63852,0.0,0.0,17.229886,0.022941
KMTS42,I,8210.65018,0.0,0.0,17.205792,0.022519
KMTS42,I,8210.662,0.0,0.0,17.240001,0.015939
KMTS42,I,8211.48752,0.0,0.0,16.848461,0.160249
KMTS42,I,8213.49277,0.0,0.0,17.270119,0.051267
KMTS42,I,8213.51211,0.0,0.0,17.208512,0.021604
KMTS42,I,8215.46708,0.0,0.0,17.17123,0.027509
KMTS42,I,8215.47903,0.0,0.0,17.208325,0.024889
KMTS42,I,8215.49087,0.0,0.0,17.23101,0.025858
KMTS42,I,8215.50613,0.0,0.0,17.243558,0.024288
KMTS42,I,8215.52439,0.0,0.0,17.205698,0.02398
KMTS42,I,8215.551,0.0,0.0,17.237192,0.023842
KMTS42,I,8215.5626,0.0,0.0,17.232322,0.021936
KMTS42,I,8215.57452,0.0,0.0,17.244026,0.020829
KMTS42,I,8215.58645,0.0,0.0,17.238222,0.021291
KMTS42,I,8215.60396,0.0,0.0,17.216953,0.021501
KMTS42,I,8215.62985,0.0,0.0,17.221921,0.024686
KMTS42,I,8215.64601,0.0,0.0,17.249267,0.023005
KMTS42,I,8215.65799,0.0,0.0,17.203165,0.019789
KMTS42,I,8216.4644,0.0,0.0,17.239813,0.015217
KMTS42,I,8216.48285,0.0,0.0,17.247676,0.016654
KMTS42,I,8216.49786,0.0,0.0,17.233446,0.017574
KMTS42,I,8216.51176,0.0,0.0,17.24543,0.01738
KMTS42,I,8216.52374,0.0,0.0,17.228668,0.017851
KMTS42,I,8216.53657,0.0,0.0,17.251044,0.018642
KMTS42,I,8216.5485,0.0,0.0,17.200725,0.018336
KMTS42,I,8216.56997,0.0,0.0,17.230167,0.017306
KMTS42,I,8216.58163,0.0,0.0,17.235881,0.018206
KMTS42,I,8216.59349,0.0,0.0,17.207011,0.023795
KMTS42,I,8216.60514,0.0,0.0,17.206355,0.022336
KMTS42,I,8216.61699,0.0,0.0,17.23766,0.021656
KMTS42,I,8216.63864,0.0,0.0,17.228574,0.020849
KMTS42,I,8216.65196,0.0,0.0,17.221827,0.017134
KMTS42,I,8217.46183,0.0,0.0,17.132358,0.183411
KMTS42,I,8218.46919,0.0,0.0,17.223608,0.01822
KMTS42,I,8218.48835,0.0,0.0,17.23279,0.0223
KMTS42,I,8218.49987,0.0,0.0,17.242154,0.017474
KMTS42,I,8218.51712,0.0,0.0,17.228481,0.018214
KMTS42,I,8218.52892,0.0,0.0,17.208606,0.01742
KMTS42,I,8218.54585,0.0,0.0,17.238128,0.018385
KMTS42,I,8218.56504,0.0,0.0,17.23766,0.02111
KMTS42,I,8218.57796,0.0,0.0,17.231853,0.024853
KMTS42,I,8220.46222,0.0,0.0,17.195468,0.021529
KMTS42,I,8220.47404,0.0,0.0,17.230073,0.019029
KMTS42,I,8220.48598,0.0,0.0,17.233258,0.017212
KMTS42,I,8220.49773,0.0,0.0,17.208888,0.016513
KMTS42,I,8220.50972,0.0,0.0,17.211139,0.015244
KMTS42,I,8220.53079,0.0,0.0,17.199786,0.014893
KMTS42,I,8220.54272,0.0,0.0,17.219296,0.013794
KMTS42,I,8220.55468,0.0,0.0,17.198191,0.013902
KMTS42,I,8220.56885,0.0,0.0,17.222296,0.016771
KMTS42,I,8220.5805,0.0,0.0,17.2444,0.015393
KMTS42,I,8220.60477,0.0,0.0,17.236911,0.01351
KMTS42,I,8220.61658,0.0,0.0,17.216203,0.014247
KMTS42,I,8220.6284,0.0,0.0,17.237941,0.014048
KMTS42,I,8220.64156,0.0,0.0,17.224452,0.0137
KMTS42,I,8220.65479,0.0,0.0,17.216109,0.013527
KMTS42,I,8220.67447,0.0,0.0,17.237004,0.023113
KMTS42,I,8222.4559,0.0,0.0,17.19988,0.020612
KMTS42,I,8222.46788,0.0,0.0,17.237847,0.015941
KMTS42,I,8222.47111,0.0,0.0,17.233633,0.014862
KMTS42,I,8222.48206,0.0,0.0,17.221452,0.014153
KMTS42,I,8222.49399,0.0,0.0,17.203258,0.0148
KMTS42,I,8222.50598,0.0,0.0,17.226982,0.015139
KMTS42,I,8222.53498,0.0,0.0,17.218921,0.017499
KMTS42,I,8222.54693,0.0,0.0,17.200631,0.022617
KMTS42,I,8222.55891,0.0,0.0,17.234663,0.023299
KMTS42,I,8223.44853,0.0,0.0,17.231947,0.01812
KMTS42,I,8223.46048,0.0,0.0,17.219015,0.016865
KMTS42,I,8223.47229,0.0,0.0,17.213858,0.018503
KMTS42,I,8223.49635,0.0,0.0,17.229418,0.02012
KMTS42,I,8223.5083,0.0,0.0,17.228949,0.016402
KMTS42,I,8223.52054,0.0,0.0,17.207293,0.017602
KMTS42,I,8223.53254,0.0,0.0,17.258901,0.018179
KMTS42,I,8223.5445,0.0,0.0,17.205229,0.014617
KMTS42,I,8223.66145,0.0,0.0,17.215265,0.01272
KMTS42,I,8223.67339,0.0,0.0,17.216953,0.014247
KMTS42,I,8224.45283,0.0,0.0,17.227356,0.023492
KMTS42,I,8224.46477,0.0,0.0,17.177997,0.023288
KMTS42,I,8224.47639,0.0,0.0,17.13217,0.055846
KMTS42,I,8224.48838,0.0,0.0,17.213577,0.024607
KMTS42,I,8224.50773,0.0,0.0,17.072047,0.060472
KMTS42,I,8225.46118,0.0,0.0,17.240562,0.019652
KMTS42,I,8225.4769,0.0,0.0,17.206918,0.020695
KMTS42,I,8225.48864,0.0,0.0,17.212358,0.015876
KMTS42,I,8225.50061,0.0,0.0,17.245149,0.016205
KMTS42,I,8225.51251,0.0,0.0,17.258434,0.016913
KMTS42,I,8225.54743,0.0,0.0,17.327664,0.049796
KMTS42,I,8225.55938,0.0,0.0,17.217046,0.013886
KMTS42,I,8226.45946,0.0,0.0,17.204009,0.017515
KMTS42,I,8226.47164,0.0,0.0,17.209826,0.017146
KMTS42,I,8226.48778,0.0,0.0,17.211701,0.014341
KMTS42,I,8226.50696,0.0,0.0,17.22998,0.01622
KMTS42,I,8226.51895,0.0,0.0,17.228574,0.05993
KMTS42,I,8228.43614,0.0,0.0,17.219953,0.012717
KMTS42,I,8228.44803,0.0,0.0,17.203258,0.01273
KMTS42,I,8228.45979,0.0,0.0,17.220234,0.011644
KMTS42,I,8228.47502,0.0,0.0,17.210951,0.014252
KMTS42,I,8228.49449,0.0,0.0,17.227356,0.010839
KMTS42,I,8228.50632,0.0,0.0,17.217609,0.011023
KMTS42,I,8228.51815,0.0,0.0,17.211701,0.011383
KMTS42,I,8228.5298,0.0,0.0,17.215265,0.011113
KMTS42,I,8228.54181,0.0,0.0,17.211045,0.011383
KMTS42,I,8228.56184,0.0,0.0,17.217046,0.010934
KMTS42,I,8228.57377,0.0,0.0,17.196219,0.011393
KMTS42,I,8228.58786,0.0,0.0,17.214796,0.01147
KMTS42,I,8228.60068,0.0,0.0,17.218734,0.011556
KMTS42,I,8228.61249,0.0,0.0,17.210013,0.011473
KMTS42,I,8228.63183,0.0,0.0,17.216015,0.014157
KMTS42,I,8228.63523,0.0,0.0,17.2356,0.012436
KMTS42,I,8228.64804,0.0,0.0,17.216203,0.013078
KMTS42,I,8228.65993,0.0,0.0,17.217984,0.013346
KMTS42,I,8228.67176,0.0,0.0,17.225763,0.013699
KMTS42,I,8229.44061,0.0,0.0,17.220703,0.013344
KMTS42,I,8229.46477,0.0,0.0,17.223889,0.012893
KMTS42,I,8229.46836,0.0,0.0,17.237098,0.015129
KMTS42,I,8229.47989,0.0,0.0,17.232415,0.013514
KMTS42,I,8229.4947,0.0,0.0,17.226513,0.011907
KMTS42,I,8229.50636,0.0,0.0,17.241124,0.012342
KMTS42,I,8229.51835,0.0,0.0,17.207387,0.011386
KMTS42,I,8229.53754,0.0,0.0,17.211045,0.011294
KMTS42,I,8229.54955,0.0,0.0,17.21142,0.011116
KMTS42,I,8229.56145,0.0,0.0,17.211889,0.011472
KMTS42,I,8229.57325,0.0,0.0,17.212921,0.012096
KMTS42,I,8229.58591,0.0,0.0,17.221546,0.011911
KMTS42,I,8229.60496,0.0,0.0,17.214515,0.011648
KMTS42,I,8229.61653,0.0,0.0,17.215828,0.011558
KMTS42,I,8229.62846,0.0,0.0,17.202789,0.011835
KMTS42,I,8229.64716,0.0,0.0,17.217796,0.012181
KMTS42,I,8229.65902,0.0,0.0,17.216203,0.012183
KMTS42,I,8229.67068,0.0,0.0,17.20673,0.013625
KMTS42,I,8230.43571,0.0,0.0,17.201757,0.011925
KMTS42,I,8230.45627,0.0,0.0,17.192182,0.012021
KMTS42,I,8230.46811,0.0,0.0,17.215828,0.011558
KMTS42,I,8230.48004,0.0,0.0,17.210482,0.010761
KMTS42,I,8230.52501,0.0,0.0,17.229699,0.01253
KMTS42,I,8230.53702,0.0,0.0,17.232509,0.011457
KMTS42,I,8230.5492,0.0,0.0,17.205323,0.011209
KMTS42,I,8230.56122,0.0,0.0,17.220703,0.01111
KMTS42,I,8230.5732,0.0,0.0,17.223327,0.011197
KMTS42,I,8230.59231,0.0,0.0,17.220984,0.014153
KMTS42,I,8230.60415,0.0,0.0,17.220328,0.011911
KMTS42,I,8230.61599,0.0,0.0,17.224733,0.011107
KMTS42,I,8230.63213,0.0,0.0,17.228293,0.010572
KMTS42,I,8230.64408,0.0,0.0,17.227356,0.011996
KMTS42,I,8230.66473,0.0,0.0,17.231198,0.011191
KMTS42,I,8230.67882,0.0,0.0,17.205604,0.015068
KMTS42,I,8231.43314,0.0,0.0,17.233914,0.012795
KMTS42,I,8231.548,0.0,0.0,17.212733,0.010582
KMTS42,I,8231.56687,0.0,0.0,17.205886,0.019967
KMTS42,I,8231.57884,0.0,0.0,17.208043,0.017783
KMTS42,I,8231.59058,0.0,0.0,17.226607,0.014418
KMTS42,I,8231.60316,0.0,0.0,17.19988,0.012553
KMTS42,I,8231.6151,0.0,0.0,17.200162,0.011391
KMTS42,I,8231.63431,0.0,0.0,17.222296,0.013073
KMTS42,I,8231.64603,0.0,0.0,17.213296,0.012991
KMTS42,I,8231.66473,0.0,0.0,17.207856,0.015699
KMTS42,I,8231.67678,0.0,0.0,17.215171,0.013618
KMTS42,I,8233.42802,0.0,0.0,17.195938,0.016435
KMTS42,I,8233.43989,0.0,0.0,17.214796,0.020594
KMTS42,I,8233.45907,0.0,0.0,17.196595,0.015077
KMTS42,I,8233.47265,0.0,0.0,17.24805,0.02501
KMTS42,I,8233.49167,0.0,0.0,17.214234,0.012542
KMTS42,I,8233.50964,0.0,0.0,17.218359,0.012987
KMTS42,I,8233.52129,0.0,0.0,17.21639,0.018319
KMTS42,I,8233.53314,0.0,0.0,17.221921,0.015144
KMTS42,I,8233.55308,0.0,0.0,17.248144,0.014489
KMTS42,I,8233.56503,0.0,0.0,17.204103,0.012639
KMTS42,I,8233.57705,0.0,0.0,17.219109,0.014245
KMTS42,I,8233.5993,0.0,0.0,17.178091,0.012569
KMTS42,I,8233.61651,0.0,0.0,17.219671,0.012091
KMTS42,I,8233.63593,0.0,0.0,17.207856,0.013085
KMTS42,I,8233.64772,0.0,0.0,17.215359,0.012273
KMTS42,I,8233.65931,0.0,0.0,17.228012,0.014958
KMTS42,I,8233.67115,0.0,0.0,17.206542,0.014887
KMTS42,I,8233.68321,0.0,0.0,17.178843,0.064435
KMTS42,I,8234.45269,0.0,0.0,17.186265,0.025105
KMTS42,I,8234.47678,0.0,0.0,17.218359,0.021408
KMTS42,I,8234.49069,0.0,0.0,17.25993,0.022352
KMTS42,I,8234.50267,0.0,0.0,17.210201,0.020508
KMTS42,I,8234.52155,0.0,0.0,17.22923,0.021212
KMTS42,I,8234.5248,0.0,0.0,17.19697,0.021254
KMTS42,I,8234.53544,0.0,0.0,17.233165,0.021389
KMTS42,I,8234.55466,0.0,0.0,17.177434,0.02137
KMTS42,I,8234.57913,0.0,0.0,17.231104,0.018302
KMTS42,I,8234.58271,0.0,0.0,17.198754,0.01852
KMTS42,I,8234.59365,0.0,0.0,17.172076,0.018276
KMTS42,I,8234.60539,0.0,0.0,17.207856,0.016876
KMTS42,I,8234.61729,0.0,0.0,17.208606,0.016513
KMTS42,I,8234.63835,0.0,0.0,17.211326,0.01651
KMTS42,I,8234.65007,0.0,0.0,17.197533,0.017522
KMTS42,I,8234.66207,0.0,0.0,17.212452,0.019596
KMTS42,I,8235.55781,0.0,0.0,17.188144,0.016171
KMTS42,I,8235.57908,0.0,0.0,17.233633,0.015855
KMTS42,I,8235.5882,0.0,0.0,17.237004,0.014679
KMTS42,I,8235.60962,0.0,0.0,17.230729,0.013425
KMTS42,I,8235.62482,0.0,0.0,17.206918,0.014165
KMTS42,I,8235.63879,0.0,0.0,17.223327,0.01677
KMTS42,I,8235.65073,0.0,0.0,17.23972,0.017115
KMTS42,I,8235.66241,0.0,0.0,17.217046,0.019135
KMTS42,I,8235.68149,0.0,0.0,17.239439,0.031048
KMTS42,I,8236.41274,0.0,0.0,17.186172,0.021176
KMTS42,I,8236.42479,0.0,0.0,17.220328,0.024506
KMTS42,I,8236.4366,0.0,0.0,17.227825,0.023218
KMTS42,I,8236.44832,0.0,0.0,17.198097,0.017976
KMTS42,I,8236.46028,0.0,0.0,17.248892,0.022823
KMTS42,I,8236.47925,0.0,0.0,17.196125,0.017342
KMTS42,I,8236.49308,0.0,0.0,17.192745,0.027291
KMTS42,I,8236.50506,0.0,0.0,17.193684,0.028662
KMTS42,I,8236.51694,0.0,0.0,17.215171,0.025152
KMTS42,I,8236.52876,0.0,0.0,17.190022,0.023637
KMTS42,I,8236.5406,0.0,0.0,17.238503,0.027397
KMTS42,I,8237.41982,0.0,0.0,17.179595,0.034373
KMTS42,I,8237.47008,0.0,0.0,17.239064,0.019654
KMTS42,I,8237.48186,0.0,0.0,17.236068,0.02093
KMTS42,I,8237.49471,0.0,0.0,17.216109,0.025973
KMTS42,I,8237.51383,0.0,0.0,17.212546,0.016962
KMTS42,I,8237.52625,0.0,0.0,17.186265,0.022546
KMTS42,I,8237.53804,0.0,0.0,17.21639,0.027343
KMTS42,I,8237.55009,0.0,0.0,17.180629,0.02164
KMTS42,I,8237.56522,0.0,0.0,17.231104,0.01649
KMTS42,I,8237.58427,0.0,0.0,17.22164,0.015686
KMTS42,I,8237.59607,0.0,0.0,17.244119,0.030491
KMTS42,I,8237.60768,0.0,0.0,17.247676,0.201499
KMTS42,I,8237.60918,0.0,0.0,17.213858,0.152671
KMTS42,I,8237.62371,0.0,0.0,17.246646,0.028478
KMTS42,I,8237.62522,0.0,0.0,17.272828,0.083549
KMTS42,I,8237.63722,0.0,0.0,17.22014,0.020314
KMTS42,I,8237.65855,0.0,0.0,17.20795,0.019328
KMTS42,I,8237.67048,0.0,0.0,17.175084,0.021282
KMTS42,I,8238.40911,0.0,0.0,17.227731,0.026228
KMTS42,I,8238.42092,0.0,0.0,17.167281,0.026782
KMTS42,I,8238.43982,0.0,0.0,17.203258,0.019333
KMTS42,I,8238.4646,0.0,0.0,17.205135,0.022246
KMTS42,I,8238.47658,0.0,0.0,17.230729,0.020664
KMTS42,I,8238.49194,0.0,0.0,17.201663,0.019244
KMTS42,I,8238.50457,0.0,0.0,17.214702,0.018048
KMTS42,I,8238.51845,0.0,0.0,17.215921,0.015691
KMTS42,I,8238.54324,0.0,0.0,17.206542,0.015429
KMTS42,I,8238.55531,0.0,0.0,17.20748,0.017693
KMTS42,I,8238.57072,0.0,0.0,17.20945,0.014163
KMTS42,I,8238.58669,0.0,0.0,17.203634,0.017879
KMTS42,I,8238.59834,0.0,0.0,17.216765,0.02132
KMTS42,I,8238.61773,0.0,0.0,17.207105,0.017966
KMTS42,I,8238.63277,0.0,0.0,17.227825,0.019395
KMTS42,I,8238.64715,0.0,0.0,17.217421,0.017773
KMTS42,I,8238.65852,0.0,0.0,17.226701,0.018852
KMTS42,I,8238.67035,0.0,0.0,17.244587,0.019284
KMTS42,I,8239.40612,0.0,0.0,17.184763,0.017626
KMTS42,I,8239.42038,0.0,0.0,17.222483,0.016589
KMTS42,I,8239.43238,0.0,0.0,17.19528,0.015168
KMTS42,I,8239.44649,0.0,0.0,17.196407,0.014445
KMTS42,I,8239.4503,0.0,0.0,17.202414,0.013809
KMTS42,I,8239.46095,0.0,0.0,17.226138,0.014328
KMTS42,I,8239.47523,0.0,0.0,17.199317,0.016069
KMTS42,I,8239.49639,0.0,0.0,17.177904,0.015637
KMTS42,I,8239.50834,0.0,0.0,17.202038,0.014079
KMTS42,I,8239.52036,0.0,0.0,17.216484,0.013977
KMTS42,I,8239.53426,0.0,0.0,17.217421,0.014607
KMTS42,I,8239.546,0.0,0.0,17.206636,0.013176
KMTS42,I,8239.56517,0.0,0.0,17.213014,0.01335
KMTS42,I,8239.57708,0.0,0.0,17.1919,0.012738
KMTS42,I,8239.58871,0.0,0.0,17.241218,0.014945
KMTS42,I,8239.60028,0.0,0.0,17.216296,0.013797
KMTS42,I,8239.61621,0.0,0.0,17.211514,0.014973
KMTS42,I,8239.64039,0.0,0.0,17.213108,0.014701
KMTS42,I,8239.65217,0.0,0.0,17.222296,0.01804
KMTS42,I,8239.66411,0.0,0.0,17.24674,0.027292
KMTS42,I,8239.67599,0.0,0.0,17.176682,0.018636
KMTS42,I,8239.68796,0.0,0.0,17.173768,0.037967
KMTS42,I,8240.53994,0.0,0.0,17.202038,0.02819
KMTS42,I,8240.56917,0.0,0.0,17.195093,0.024909
KMTS42,I,8240.59379,0.0,0.0,17.075167,0.099434
KMTS42,I,8240.60566,0.0,0.0,17.161544,0.101352
KMTS42,I,8240.61765,0.0,0.0,17.299245,0.076371
KMTS42,I,8241.40528,0.0,0.0,17.184011,0.058989
KMTS42,I,8241.4174,0.0,0.0,17.210576,0.06771
KMTS42,I,8241.42916,0.0,0.0,17.117087,0.050264
KMTS42,I,8241.44101,0.0,0.0,17.294675,0.078678
KMTS42,I,8241.45473,0.0,0.0,17.201569,0.047631
KMTS42,I,8242.40222,0.0,0.0,17.146769,0.027823
KMTS42,I,8242.41388,0.0,0.0,17.184481,0.024193
KMTS42,I,8242.42555,0.0,0.0,17.178655,0.023013
KMTS42,I,8242.43716,0.0,0.0,17.210576,0.027353
KMTS42,I,8242.4499,0.0,0.0,17.244962,0.02985
KMTS42,I,8242.47425,0.0,0.0,17.194905,0.028203
KMTS42,I,8242.48605,0.0,0.0,17.159568,0.026152
KMTS42,I,8242.49756,0.0,0.0,17.178279,0.045583
KMTS42,I,8242.50943,0.0,0.0,17.260771,0.044895
KMTS42,I,8242.52562,0.0,0.0,17.185514,0.044185
KMTS42,I,8242.53718,0.0,0.0,17.205135,0.026356
KMTS42,I,8242.55649,0.0,0.0,17.216859,0.029354
KMTS42,I,8242.57146,0.0,0.0,17.243464,0.029579
KMTS42,I,8242.58345,0.0,0.0,17.192182,0.026926
KMTS42,I,8242.5953,0.0,0.0,17.18185,0.027217
KMTS42,I,8242.60713,0.0,0.0,17.233165,0.032615
KMTS42,I,8242.6419,0.0,0.0,17.2087,0.033672
KMTS42,I,8242.65417,0.0,0.0,17.226326,0.027235
KMTS42,I,8242.66615,0.0,0.0,17.223233,0.024957
KMTS42,I,8242.67798,0.0,0.0,17.202132,0.033044
KMTS42,I,8243.39251,0.0,0.0,17.229324,0.025404
KMTS42,I,8243.41217,0.0,0.0,17.205698,0.021516
KMTS42,I,8243.42621,0.0,0.0,17.190022,0.020716
KMTS42,I,8243.44047,0.0,0.0,17.171794,0.016913
KMTS42,I,8243.45223,0.0,0.0,17.21339,0.020686
KMTS42,I,8243.46405,0.0,0.0,17.211795,0.01896
KMTS42,I,8243.48473,0.0,0.0,17.21142,0.018506
KMTS42,I,8243.49656,0.0,0.0,17.221171,0.019858
KMTS42,I,8243.50853,0.0,0.0,17.209919,0.021966
KMTS42,I,8243.52041,0.0,0.0,17.26367,0.020712
KMTS42,I,8243.53241,0.0,0.0,17.182602,0.017356
KMTS42,I,8243.55164,0.0,0.0,17.182602,0.017447
KMTS42,I,8243.56362,0.0,0.0,17.249454,0.01946
KMTS42,I,8243.57562,0.0,0.0,17.216859,0.018954
KMTS42,I,8243.58761,0.0,0.0,17.197346,0.01834
KMTS42,I,8243.59964,0.0,0.0,17.198754,0.026549
KMTS42,I,8243.61988,0.0,0.0,17.198941,0.021251
KMTS42,I,8243.63165,0.0,0.0,17.188332,0.020718
KMTS42,I,8243.6436,0.0,0.0,17.200912,0.019882
KMTS42,I,8243.6555,0.0,0.0,17.238971,0.023384
KMTS42,I,8243.67301,0.0,0.0,17.189177,0.020352
KMTS42,I,8244.39432,0.0,0.0,17.180159,0.021184
KMTS42,I,8244.40631,0.0,0.0,17.179689,0.021641
KMTS42,I,8244.41831,0.0,0.0,17.229324,0.020393
KMTS42,I,8244.43031,0.0,0.0,17.224545,0.018763
KMTS42,I,8244.44452,0.0,0.0,17.217046,0.019226
KMTS42,I,8244.46502,0.0,0.0,17.216671,0.022322
KMTS42,I,8244.47699,0.0,0.0,17.222109,0.018403
KMTS42,I,8244.48883,0.0,0.0,17.215265,0.016597
KMTS42,I,8244.50077,0.0,0.0,17.194342,0.017525
KMTS42,I,8244.51674,0.0,0.0,17.205979,0.014617
KMTS42,I,8244.53308,0.0,0.0,17.163801,0.014111
KMTS42,I,8244.55285,0.0,0.0,17.219765,0.014785
KMTS42,I,8244.56498,0.0,0.0,17.219578,0.013704
KMTS42,I,8244.57697,0.0,0.0,17.189177,0.01382
KMTS42,I,8244.58899,0.0,0.0,17.19697,0.013723
KMTS42,I,8244.601,0.0,0.0,17.213483,0.01461
KMTS42,I,8244.62757,0.0,0.0,17.186265,0.013462
KMTS42,I,8244.63096,0.0,0.0,17.195093,0.012826
KMTS42,I,8244.64325,0.0,0.0,17.185044,0.016264
KMTS42,I,8244.65525,0.0,0.0,17.211232,0.016601
KMTS42,I,8244.67241,0.0,0.0,17.196219,0.014355
KMTS42,I,8244.68315,0.0,0.0,17.181756,0.01863
KMTS42,I,8245.38698,0.0,0.0,17.194529,0.016981
KMTS42,I,8245.4081,0.0,0.0,17.198472,0.019339
KMTS42,I,8245.41995,0.0,0.0,17.214046,0.02023
KMTS42,I,8245.43192,0.0,0.0,17.204197,0.015522
KMTS42,I,8245.44524,0.0,0.0,17.210388,0.016421
KMTS42,I,8245.46713,0.0,0.0,17.21414,0.015422
KMTS42,I,8245.48616,0.0,0.0,17.210951,0.019052
KMTS42,I,8245.49814,0.0,0.0,17.195562,0.016889
KMTS42,I,8245.5101,0.0,0.0,17.212452,0.015785
KMTS42,I,8245.52148,0.0,0.0,17.218828,0.01759
KMTS42,I,8245.53541,0.0,0.0,17.211701,0.019505
KMTS42,I,8245.55728,0.0,0.0,17.228293,0.020486
KMTS42,I,8245.57392,0.0,0.0,17.204947,0.014798
KMTS42,I,8245.58586,0.0,0.0,17.197815,0.015799
KMTS42,I,8245.59793,0.0,0.0,17.200912,0.021067
KMTS42,I,8245.61378,0.0,0.0,17.159192,0.025878
KMTS42,I,8245.63298,0.0,0.0,17.199035,0.016885
KMTS42,I,8245.64485,0.0,0.0,17.214234,0.015241
KMTS42,I,8245.65682,0.0,0.0,17.197158,0.014715
KMTS42,I,8245.66879,0.0,0.0,17.201569,0.018153
KMTS42,I,8245.68101,0.0,0.0,17.199974,0.021068
KMTS42,I,8248.38565,0.0,0.0,17.202226,0.01471
KMTS42,I,8248.40472,0.0,0.0,17.207668,0.012637
KMTS42,I,8248.41659,0.0,0.0,17.191431,0.012201
KMTS42,I,8248.43023,0.0,0.0,17.194436,0.011484
KMTS42,I,8248.4424,0.0,0.0,17.201569,0.012104
KMTS42,I,8248.46194,0.0,0.0,17.193215,0.012917
KMTS42,I,8248.48112,0.0,0.0,17.205041,0.012818
KMTS42,I,8248.49265,0.0,0.0,17.206167,0.012369
KMTS42,I,8248.50446,0.0,0.0,17.211326,0.014071
KMTS42,I,8248.51626,0.0,0.0,17.201851,0.01291
KMTS42,I,8248.5281,0.0,0.0,17.189647,0.01418
KMTS42,I,8248.53998,0.0,0.0,17.193497,0.012737
KMTS42,I,8248.55905,0.0,0.0,17.179125,0.012928
KMTS42,I,8248.5754,0.0,0.0,17.189741,0.01265
KMTS42,I,8248.58723,0.0,0.0,17.204384,0.012281
KMTS42,I,8248.60252,0.0,0.0,17.192839,0.013367
KMTS42,I,8248.64142,0.0,0.0,17.189459,0.014631
KMTS42,I,8248.65339,0.0,0.0,17.191055,0.014901
KMTS42,I,8248.6701,0.0,0.0,17.219953,0.017952
KMTS42,I,8248.68364,0.0,0.0,17.14498,0.029387
KMTS42,I,8249.38169,0.0,0.0,16.922681,0.297284
KMTS42,I,8249.3934,0.0,0.0,17.267035,0.254279
KMTS42,I,8249.41554,0.0,0.0,17.092173,0.177249
KMTS42,I,8249.42755,0.0,0.0,16.960838,0.131584
KMTS42,I,8249.44369,0.0,0.0,17.034005,0.175381
KMTS42,I,8249.45556,0.0,0.0,17.143191,0.069824
KMTS42,I,8249.46756,0.0,0.0,17.063064,0.092641
KMTS42,I,8249.48719,0.0,0.0,17.119256,0.135778
KMTS42,I,8249.49884,0.0,0.0,17.184575,0.189392
KMTS42,I,8249.514,0.0,0.0,17.236162,0.155214
KMTS42,I,8249.52568,0.0,0.0,17.125667,0.094081
KMTS42,I,8249.58593,0.0,0.0,17.188332,0.156772
KMTS42,I,8249.59783,0.0,0.0,17.127363,0.123434
KMTS42,I,8249.60987,0.0,0.0,17.040162,0.12318
KMTS42,I,8249.62537,0.0,0.0,17.250389,0.068367
KMTS42,I,8249.63682,0.0,0.0,17.068833,0.207398
KMTS42,I,8249.65729,0.0,0.0,17.321706,0.074705
KMTS42,I,8249.67376,0.0,0.0,17.036752,0.088687
KMTS42,I,8249.68568,0.0,0.0,17.202789,0.035792
KMTS42,I,8251.37829,0.0,0.0,17.206542,0.013625
KMTS42,I,8251.39701,0.0,0.0,17.191619,0.011486
KMTS42,I,8251.40872,0.0,0.0,17.192558,0.011485
KMTS42,I,8251.43504,0.0,0.0,17.188426,0.011488
KMTS42,I,8251.44745,0.0,0.0,17.195938,0.012019
KMTS42,I,8251.45922,0.0,0.0,17.201663,0.011925
KMTS42,I,8251.47104,0.0,0.0,17.187768,0.012293
KMTS42,I,8251.48274,0.0,0.0,17.184293,0.012027
KMTS42,I,8251.5019,0.0,0.0,17.180065,0.011672
KMTS42,I,8251.51376,0.0,0.0,17.190022,0.012112
KMTS42,I,8251.53214,0.0,0.0,17.211139,0.012097
KMTS42,I,8251.54399,0.0,0.0,17.185796,0.012384
KMTS42,I,8251.55844,0.0,0.0,17.21564,0.020046
KMTS42,I,8251.57048,0.0,0.0,17.183447,0.012207
KMTS42,I,8251.59449,0.0,0.0,17.190304,0.013729
KMTS42,I,8251.6101,0.0,0.0,17.201475,0.014531
KMTS42,I,8251.6288,0.0,0.0,17.184481,0.020722
KMTS42,I,8251.64083,0.0,0.0,17.187017,0.014363
KMTS42,I,8251.65246,0.0,0.0,17.187674,0.014904
KMTS42,I,8251.67213,0.0,0.0,17.196031,0.021073
KMTS42,I,8251.68488,0.0,0.0,17.219015,0.018043
KMTS42,I,8252.37689,0.0,0.0,17.205323,0.014437
KMTS42,I,8252.38973,0.0,0.0,17.203165,0.013988
KMTS42,I,8252.40497,0.0,0.0,17.2087,0.013713
KMTS42,I,8252.41688,0.0,0.0,17.206918,0.012637
KMTS42,I,8252.43798,0.0,0.0,17.190398,0.013279
KMTS42,I,8252.44979,0.0,0.0,17.188144,0.011577
KMTS42,I,8252.46659,0.0,0.0,17.208794,0.012099
KMTS42,I,8252.48175,0.0,0.0,17.18758,0.012652
KMTS42,I,8252.51343,0.0,0.0,17.187111,0.011846
KMTS42,I,8252.57502,0.0,0.0,17.208325,0.014254
KMTS42,I,8252.58657,0.0,0.0,17.183541,0.013914
KMTS42,I,8252.6149,0.0,0.0,17.195562,0.014355
KMTS42,I,8252.6269,0.0,0.0,17.204854,0.014437
KMTS42,I,8252.64024,0.0,0.0,17.179595,0.014188
KMTS42,I,8252.6792,0.0,0.0,17.169255,0.01492
KMTS42,I,8253.37951,0.0,0.0,17.201757,0.015343
KMTS42,I,8253.39902,0.0,0.0,17.192088,0.01481
KMTS42,I,8253.41077,0.0,0.0,17.181944,0.014638
KMTS42,I,8253.42274,0.0,0.0,17.200537,0.01408
KMTS42,I,8253.43483,0.0,0.0,17.192933,0.013007
KMTS42,I,8253.44653,0.0,0.0,17.188144,0.014542
KMTS42,I,8253.46927,0.0,0.0,17.208231,0.015247
KMTS42,I,8253.48134,0.0,0.0,17.201382,0.0139
KMTS42,I,8253.49662,0.0,0.0,17.21067,0.014162
KMTS42,I,8253.5084,0.0,0.0,17.208231,0.014885
KMTS42,I,8253.52036,0.0,0.0,17.211514,0.014792
KMTS42,I,8254.37518,0.0,0.0,17.188238,0.014181
KMTS42,I,8254.39412,0.0,0.0,17.183447,0.011491
KMTS42,I,8254.40562,0.0,0.0,17.196501,0.011037
KMTS42,I,8254.42179,0.0,0.0,17.193872,0.010417
KMTS42,I,8254.43363,0.0,0.0,17.183447,0.013644
KMTS42,I,8254.44546,0.0,0.0,17.18758,0.013371
KMTS42,I,8254.4592,0.0,0.0,17.18138,0.010691
KMTS42,I,8254.47872,0.0,0.0,17.177528,0.012301
KMTS42,I,8254.49266,0.0,0.0,17.18758,0.010244
KMTS42,I,8254.51609,0.0,0.0,17.17687,0.010605
KMTS42,I,8254.53345,0.0,0.0,17.182884,0.011402
KMTS42,I,8254.55698,0.0,0.0,17.201851,0.01309
KMTS42,I,8254.56883,0.0,0.0,17.168879,0.014378
KMTS42,I,8254.58071,0.0,0.0,17.200068,0.013631
KMTS42,I,8254.59551,0.0,0.0,17.178843,0.013468
KMTS42,I,8254.60722,0.0,0.0,17.172264,0.014465
KMTS42,I,8254.62588,0.0,0.0,17.198097,0.012644
KMTS42,I,8254.64366,0.0,0.0,17.202602,0.013989
KMTS42,I,8254.65539,0.0,0.0,17.167281,0.014108
KMTS42,I,8254.66985,0.0,0.0,17.181286,0.013106
KMTS42,I,8254.68171,0.0,0.0,17.192652,0.016348
KMTS42,I,8255.36739,0.0,0.0,17.201945,0.01652
KMTS42,I,8255.39379,0.0,0.0,17.180347,0.01482
KMTS42,I,8255.40854,0.0,0.0,17.185514,0.015177
KMTS42,I,8255.42064,0.0,0.0,17.193309,0.014989
KMTS42,I,8255.43272,0.0,0.0,17.20795,0.014074
KMTS42,I,8255.44455,0.0,0.0,17.195844,0.015349
KMTS42,I,8255.46606,0.0,0.0,17.186641,0.015176
KMTS42,I,8255.4779,0.0,0.0,17.189553,0.01265
KMTS42,I,8255.48976,0.0,0.0,17.19744,0.012644
KMTS42,I,8255.50212,0.0,0.0,17.184669,0.011848
KMTS42,I,8255.51447,0.0,0.0,17.214421,0.013259
KMTS42,I,8255.54336,0.0,0.0,17.210201,0.012276
KMTS42,I,8255.55521,0.0,0.0,17.19068,0.013009
KMTS42,I,8255.56688,0.0,0.0,17.186547,0.012742
KMTS42,I,8255.58097,0.0,0.0,17.189834,0.01256
KMTS42,I,8255.59275,0.0,0.0,17.175836,0.01311
KMTS42,I,8255.61208,0.0,0.0,17.186265,0.014905
KMTS42,I,8255.62389,0.0,0.0,17.207105,0.013985
KMTS42,I,8255.63566,0.0,0.0,17.187205,0.016806
KMTS42,I,8255.65181,0.0,0.0,17.204947,0.015883
KMTS42,I,8255.66383,0.0,0.0,17.191055,0.012829
KMTS42,I,8255.67904,0.0,0.0,17.182414,0.014276
KMTS42,I,8256.36577,0.0,0.0,17.190116,0.013009
KMTS42,I,8256.39063,0.0,0.0,17.179407,0.015364
KMTS42,I,8256.40214,0.0,0.0,17.170948,0.013925
KMTS42,I,8256.41421,0.0,0.0,17.178843,0.011673
KMTS42,I,8256.42992,0.0,0.0,17.177058,0.012301
KMTS42,I,8256.44179,0.0,0.0,17.175366,0.012302
KMTS42,I,8256.45692,0.0,0.0,17.189083,0.011845
KMTS42,I,8256.48116,0.0,0.0,17.196407,0.011037
KMTS42,I,8256.49311,0.0,0.0,17.163613,0.010613
KMTS42,I,8256.50559,0.0,0.0,17.201194,0.011747
KMTS42,I,8256.5172,0.0,0.0,17.167657,0.011145
KMTS42,I,8256.52838,0.0,0.0,17.185702,0.013642
KMTS42,I,8256.54762,0.0,0.0,17.185984,0.015901
KMTS42,I,8256.55934,0.0,0.0,17.199223,0.014262
KMTS42,I,8256.57134,0.0,0.0,17.18758,0.012742
KMTS42,I,8256.58329,0.0,0.0,17.17499,0.013921
KMTS42,I,8256.59511,0.0,0.0,17.175648,0.01347
KMTS42,I,8256.6143,0.0,0.0,17.168315,0.015827
KMTS42,I,8256.62628,0.0,0.0,17.187299,0.014724
KMTS42,I,8256.63782,0.0,0.0,17.184763,0.016446
KMTS42,I,8256.65196,0.0,0.0,17.191243,0.014269
KMTS42,I,8256.66361,0.0,0.0,17.179313,0.014731
KMTS42,I,8256.68683,0.0,0.0,17.23101,0.074688
KMTS42,I,8256.68936,0.0,0.0,17.094534,0.134482
KMTS42,I,8257.37066,0.0,0.0,17.129343,0.034013
KMTS42,I,8257.38254,0.0,0.0,17.180347,0.02429
KMTS42,I,8257.39437,0.0,0.0,17.187862,0.014452
KMTS42,I,8257.40976,0.0,0.0,17.190116,0.018803
KMTS42,I,8257.42157,0.0,0.0,17.18138,0.014458
KMTS42,I,8257.44079,0.0,0.0,17.166811,0.014289
KMTS42,I,8257.45278,0.0,0.0,17.183729,0.014456
KMTS42,I,8257.46459,0.0,0.0,17.171042,0.013474
KMTS42,I,8257.47651,0.0,0.0,17.201757,0.017518
KMTS42,I,8257.49311,0.0,0.0,17.180817,0.022827
KMTS42,I,8257.51062,0.0,0.0,17.169725,0.014558
KMTS42,I,8257.52247,0.0,0.0,17.196501,0.015981
KMTS42,I,8257.53416,0.0,0.0,17.18758,0.015537
KMTS42,I,8257.54551,0.0,0.0,17.184387,0.013914
KMTS42,I,8257.55752,0.0,0.0,17.192652,0.018618
KMTS42,I,8257.57687,0.0,0.0,17.184669,0.017263
KMTS42,I,8257.58867,0.0,0.0,16.938105,0.163803
KMTS42,I,8257.60009,0.0,0.0,17.073371,0.111852
KMTS42,I,8261.49527,0.0,0.0,17.200818,0.015073
KMTS42,I,8261.51451,0.0,0.0,17.167563,0.014469
KMTS42,I,8261.52627,0.0,0.0,17.170666,0.015825
KMTS42,I,8261.53833,0.0,0.0,17.17311,0.012842
KMTS42,I,8261.55039,0.0,0.0,17.182602,0.013195
KMTS42,I,8261.56349,0.0,0.0,17.169067,0.012935
KMTS42,I,8261.57525,0.0,0.0,17.182132,0.013465
KMTS42,I,8261.59936,0.0,0.0,17.170478,0.013114
KMTS42,I,8261.61126,0.0,0.0,17.182038,0.013105
KMTS42,I,8261.62319,0.0,0.0,17.146298,0.013945
KMTS42,I,8261.63575,0.0,0.0,17.163049,0.015016
KMTS42,I,8261.64776,0.0,0.0,17.179877,0.014098
KMTS42,I,8261.67417,0.0,0.0,17.181662,0.018903
KMTS42,I,8261.68608,0.0,0.0,17.172828,0.019916
KMTS42,I,8262.34649,0.0,0.0,17.143191,0.062724
KMTS42,I,8262.35853,0.0,0.0,17.224826,0.040323
KMTS42,I,8262.37521,0.0,0.0,17.146486,0.021408
KMTS42,I,8262.39443,0.0,0.0,17.157874,0.014478
KMTS42,I,8262.4061,0.0,0.0,17.194529,0.018616
KMTS42,I,8262.418,0.0,0.0,17.1717,0.01528
KMTS42,I,8262.4298,0.0,0.0,17.162578,0.017376
KMTS42,I,8262.44159,0.0,0.0,17.216953,0.028165
KMTS42,I,8262.46082,0.0,0.0,16.922967,0.227658
KMTS42,I,8262.47268,0.0,0.0,17.221827,0.034377
KMTS42,I,8262.48938,0.0,0.0,17.188144,0.015265
KMTS42,I,8262.50373,0.0,0.0,17.14385,0.029573
KMTS42,I,8262.51548,0.0,0.0,17.135373,0.028209
KMTS42,I,8262.53485,0.0,0.0,17.172076,0.014918
KMTS42,I,8262.54683,0.0,0.0,17.189834,0.013999
KMTS42,I,8262.55822,0.0,0.0,17.191337,0.020441
KMTS42,I,8262.57502,0.0,0.0,17.156275,0.013035
KMTS42,I,8262.58698,0.0,0.0,17.184856,0.014004
KMTS42,I,8262.60625,0.0,0.0,17.149593,0.013852
KMTS42,I,8262.62377,0.0,0.0,17.156651,0.012405
KMTS42,I,8262.64114,0.0,0.0,17.163237,0.01294
KMTS42,I,8262.65482,0.0,0.0,17.167751,0.015374
KMTS42,I,8262.6667,0.0,0.0,17.160979,0.013752
KMTS42,I,8262.68742,0.0,0.0,17.176212,0.015276
KMTS42,I,8264.59579,0.0,0.0,17.167845,0.01619
KMTS42,I,8264.60812,0.0,0.0,17.14931,0.0153
KMTS42,I,8264.61175,0.0,0.0,17.185514,0.014544
KMTS42,I,8264.62252,0.0,0.0,17.181662,0.012746
KMTS42,I,8264.64795,0.0,0.0,17.159474,0.012403
KMTS42,I,8264.65982,0.0,0.0,17.168973,0.013566
KMTS42,I,8264.67902,0.0,0.0,17.17452,0.014283
KMTS42,I,8265.34153,0.0,0.0,17.179313,0.017905
KMTS42,I,8265.35354,0.0,0.0,17.135467,0.015131
KMTS42,I,8265.36547,0.0,0.0,17.167845,0.01465
KMTS42,I,8265.37718,0.0,0.0,17.175272,0.014915
KMTS42,I,8265.38863,0.0,0.0,17.179595,0.01464
KMTS42,I,8265.40035,0.0,0.0,17.17264,0.012933
KMTS42,I,8265.42309,0.0,0.0,17.177246,0.014642
KMTS42,I,8265.43477,0.0,0.0,17.158909,0.013303
KMTS42,I,8265.4496,0.0,0.0,17.157874,0.012135
KMTS42,I,8265.4622,0.0,0.0,17.14272,0.012955
KMTS42,I,8265.46596,0.0,0.0,17.150722,0.01214
KMTS42,I,8265.47971,0.0,0.0,17.142343,0.013045
KMTS42,I,8265.49869,0.0,0.0,17.164836,0.014291
KMTS42,I,8265.51354,0.0,0.0,17.151475,0.013309
KMTS42,I,8265.52536,0.0,0.0,17.155334,0.012227
KMTS42,I,8265.53713,0.0,0.0,17.17217,0.012125
KMTS42,I,8265.54887,0.0,0.0,17.167187,0.012398
KMTS42,I,8265.56804,0.0,0.0,17.148463,0.012232
KMTS42,I,8265.5804,0.0,0.0,17.150628,0.012589
KMTS42,I,8265.59227,0.0,0.0,17.169631,0.014287
KMTS42,I,8265.60403,0.0,0.0,17.151664,0.013038
KMTS42,I,8265.61576,0.0,0.0,17.171042,0.013384
KMTS42,I,8265.63483,0.0,0.0,17.162296,0.013661
KMTS42,I,8265.64676,0.0,0.0,17.167093,0.013477
KMTS42,I,8265.65982,0.0,0.0,17.170102,0.013655
KMTS42,I,8265.67174,0.0,0.0,17.14545,0.013945
KMTS42,I,8265.686,0.0,0.0,17.157969,0.015746
KMTS42,I,8266.33745,0.0,0.0,17.201851,0.025264
KMTS42,I,8266.34943,0.0,0.0,17.154958,0.027168
KMTS42,I,8266.36116,0.0,0.0,17.099821,0.145542
KMTS42,I,8266.37642,0.0,0.0,17.213577,0.052092
KMTS42,I,8266.4096,0.0,0.0,17.259369,0.293256
KMTS42,I,8266.421,0.0,0.0,17.158533,0.055854
KMTS42,I,8266.43281,0.0,0.0,17.30139,0.114817
KMTS42,I,8266.44442,0.0,0.0,17.767615,0.292171
KMTS42,I,8266.45629,0.0,0.0,17.176494,0.028417
KMTS42,I,8266.47582,0.0,0.0,17.371349,0.265035
KMTS42,I,8266.49941,0.0,0.0,17.180159,0.147641
KMTS42,I,8266.51327,0.0,0.0,17.149875,0.122078
KMTS42,I,8266.52514,0.0,0.0,17.097461,0.048286
KMTS42,I,8266.54724,0.0,0.0,17.173768,0.0243
KMTS42,I,8266.55905,0.0,0.0,17.127363,0.064349
KMTS42,I,8266.57096,0.0,0.0,17.148087,0.258984
KMTS42,I,8268.33002,0.0,0.0,17.265539,0.04543
KMTS42,I,8268.35432,0.0,0.0,17.189365,0.042706
KMTS42,I,8268.36593,0.0,0.0,17.13396,0.034464
KMTS42,I,8268.37799,0.0,0.0,17.120953,0.033292
KMTS42,I,8268.39672,0.0,0.0,17.171136,0.031911
KMTS42,I,8268.40864,0.0,0.0,17.15938,0.032209
KMTS42,I,8268.42131,0.0,0.0,17.163143,0.032018
KMTS42,I,8268.43313,0.0,0.0,17.162296,0.033214
KMTS42,I,8268.44509,0.0,0.0,17.154675,0.029095
KMTS42,I,8268.46746,0.0,0.0,17.166528,0.029167
KMTS42,I,8268.48047,0.0,0.0,17.158533,0.033221
KMTS42,I,8268.49245,0.0,0.0,17.200537,0.03268
KMTS42,I,8268.50443,0.0,0.0,17.171418,0.05572
KMTS42,I,8268.51603,0.0,0.0,17.148651,0.040046
KMTS42,I,8274.31859,0.0,0.0,17.113975,0.013337
KMTS42,I,8274.33084,0.0,0.0,17.144226,0.013405
KMTS42,I,8274.34256,0.0,0.0,17.10303,0.012173
KMTS42,I,8274.35425,0.0,0.0,16.974144,0.010183
KMTS42,I,8274.36583,0.0,0.0,16.8668,0.009428
KMTS42,I,8274.3839,0.0,0.0,16.725939,0.009303
KMTS42,I,8274.39563,0.0,0.0,16.648043,0.009151
KMTS42,I,8274.40761,0.0,0.0,16.580552,0.008993
KMTS42,I,8274.4216,0.0,0.0,16.498299,0.010738
KMTS42,I,8274.43373,0.0,0.0,16.433394,0.009485
KMTS42,I,8274.45226,0.0,0.0,16.371184,0.008959
KMTS42,I,8274.46191,0.0,0.0,16.33474,0.007807
KMTS42,I,8274.47361,0.0,0.0,16.313538,0.007811
KMTS42,I,8274.48757,0.0,0.0,16.289015,0.008708
KMTS42,I,8274.49886,0.0,0.0,16.270613,0.00782
KMTS42,I,8274.51041,0.0,0.0,16.270613,0.008892
KMTS42,I,8274.52937,0.0,0.0,16.294466,0.009702
KMTS42,I,8274.54678,0.0,0.0,16.339796,0.008072
KMTS42,I,8274.5606,0.0,0.0,16.415256,0.0085
KMTS42,I,8274.57286,0.0,0.0,16.479131,0.010015
KMTS42,I,8274.58458,0.0,0.0,16.505363,0.009645
KMTS42,I,8274.60596,0.0,0.0,16.5424,0.009634
KMTS42,I,8274.61741,0.0,0.0,16.549262,0.009903
KMTS42,I,8274.62912,0.0,0.0,16.584027,0.009711
KMTS42,I,8274.64511,0.0,0.0,16.600719,0.010521
KMTS42,I,8274.65667,0.0,0.0,16.613546,0.010063
KMTS42,I,8274.67108,0.0,0.0,16.61316,0.011519
KMTS42,I,8275.31821,0.0,0.0,16.839286,0.011783
KMTS42,I,8275.3367,0.0,0.0,16.849703,0.011143
KMTS42,I,8275.34845,0.0,0.0,16.838617,0.010066
KMTS42,I,8275.36228,0.0,0.0,16.845499,0.009884
KMTS42,I,8275.37432,0.0,0.0,16.849895,0.009972
KMTS42,I,8275.38814,0.0,0.0,16.836896,0.010878
KMTS42,I,8275.39975,0.0,0.0,16.859352,0.009878
KMTS42,I,8275.41909,0.0,0.0,16.851423,0.009882
KMTS42,I,8275.43071,0.0,0.0,16.843492,0.012054
KMTS42,I,8275.44252,0.0,0.0,16.832976,0.010159
KMTS42,I,8275.45419,0.0,0.0,16.847315,0.009794
KMTS42,I,8275.46618,0.0,0.0,16.854767,0.010509
KMTS42,I,8275.48516,0.0,0.0,16.859352,0.010777
KMTS42,I,8275.49933,0.0,0.0,16.85448,0.01006
KMTS42,I,8275.51105,0.0,0.0,16.87186,0.011948
KMTS42,I,8275.52289,0.0,0.0,16.86279,0.01159
KMTS42,I,8275.5346,0.0,0.0,16.860402,0.010506
KMTS42,I,8275.56694,0.0,0.0,16.859638,0.010237
KMTS42,I,8275.57877,0.0,0.0,16.870906,0.010502
KMTS42,I,8275.59304,0.0,0.0,16.864413,0.010505
KMTS42,I,8275.60453,0.0,0.0,16.870046,0.010592
KMTS42,I,8275.63236,0.0,0.0,16.887891,0.012394
KMTS42,I,8275.64426,0.0,0.0,16.877301,0.01386
KMTS42,I,8275.66078,0.0,0.0,16.870715,0.014873
KMTS42,I,8276.30711,0.0,0.0,16.910011,0.015397
KMTS42,I,8276.3188,0.0,0.0,16.930299,0.0163
KMTS42,I,8276.33056,0.0,0.0,16.918681,0.014383
KMTS42,I,8276.34239,0.0,0.0,16.936296,0.012548
KMTS42,I,8276.36616,0.0,0.0,16.915156,0.011563
KMTS42,I,8276.37774,0.0,0.0,16.926014,0.010745
KMTS42,I,8276.3896,0.0,0.0,16.9382,0.012275
KMTS42,I,8276.40582,0.0,0.0,16.923443,0.010927
KMTS42,I,8276.4176,0.0,0.0,16.923729,0.012828
KMTS42,I,8276.43697,0.0,0.0,16.939818,0.012728
KMTS42,I,8276.45054,0.0,0.0,16.902481,0.013205
KMTS42,I,8276.46204,0.0,0.0,16.951044,0.013267
KMTS42,I,8276.47402,0.0,0.0,16.915823,0.014659
KMTS42,I,8276.48583,0.0,0.0,16.933726,0.012822
KMTS42,I,8276.50918,0.0,0.0,16.923729,0.014105
KMTS42,I,8276.52074,0.0,0.0,16.940388,0.016844
KMTS42,I,8276.53222,0.0,0.0,16.954373,0.016924
KMTS42,I,8276.54381,0.0,0.0,16.949046,0.013632
KMTS42,I,8276.5708,0.0,0.0,16.912869,0.013838
KMTS42,I,8276.59041,0.0,0.0,16.943053,0.015557
KMTS42,I,8276.60224,0.0,0.0,16.909439,0.01503
KMTS42,I,8276.61389,0.0,0.0,16.943338,0.014366
KMTS42,I,8276.62536,0.0,0.0,16.927633,0.037062
KMTS42,I,8276.63694,0.0,0.0,16.931441,0.015932
KMTS42,I,8276.656,0.0,0.0,16.944385,0.015281
KMTS42,I,8276.66487,0.0,0.0,16.929061,0.018233
KMTS42,I,8277.31099,0.0,0.0,16.969963,0.014348
KMTS42,I,8277.32296,0.0,0.0,16.944195,0.012725
KMTS42,I,8277.33479,0.0,0.0,16.952661,0.014451
KMTS42,I,8277.3466,0.0,0.0,16.892088,0.04598
KMTS42,I,8277.35836,0.0,0.0,16.941721,0.011368
KMTS42,I,8277.37769,0.0,0.0,16.986111,0.151333
KMTS42,I,8277.38945,0.0,0.0,16.949046,0.314723
KMTS42,I,8277.40133,0.0,0.0,16.826378,0.084687
KMTS42,I,8277.41301,0.0,0.0,16.877778,0.028761
KMTS42,I,8277.42472,0.0,0.0,16.986871,0.015981
KMTS42,I,8277.44393,0.0,0.0,16.940864,0.010648
KMTS42,I,8277.4556,0.0,0.0,16.936772,0.0111
KMTS42,I,8277.4715,0.0,0.0,16.966637,0.014168
KMTS42,I,8277.48346,0.0,0.0,16.944861,0.011096
KMTS42,I,8277.49514,0.0,0.0,16.92411,0.010566
KMTS42,I,8277.51415,0.0,0.0,16.95675,0.012446
KMTS42,I,8277.52591,0.0,0.0,16.956655,0.014449
KMTS42,I,8277.53769,0.0,0.0,16.981173,0.018556
KMTS42,I,8277.54955,0.0,0.0,16.955038,0.017935
KMTS42,I,8277.57415,0.0,0.0,16.971008,0.013163
KMTS42,I,8277.59409,0.0,0.0,16.93544,0.01355
KMTS42,I,8277.61513,0.0,0.0,16.931061,0.032686
KMTS42,I,8277.6269,0.0,0.0,16.900289,0.037854
KMTS42,I,8277.63866,0.0,0.0,16.947715,0.021261
KMTS42,I,8277.65685,0.0,0.0,16.948476,0.017205
KMTS42,I,8278.30068,0.0,0.0,17.013534,0.074211
KMTS42,I,8278.33161,0.0,0.0,16.954277,0.025973
KMTS42,I,8278.34315,0.0,0.0,16.950093,0.028481
KMTS42,I,8278.35487,0.0,0.0,16.957701,0.025876
KMTS42,I,8278.3684,0.0,0.0,16.979558,0.031406
KMTS42,I,8278.3874,0.0,0.0,16.983832,0.015526
KMTS42,I,8278.39929,0.0,0.0,16.948951,0.012632
KMTS42,I,8278.41079,0.0,0.0,16.945336,0.012452
KMTS42,I,8278.42256,0.0,0.0,16.955894,0.01136
KMTS42,I,8278.45444,0.0,0.0,16.977659,0.012433
KMTS42,I,8278.47365,0.0,0.0,16.958271,0.012535
KMTS42,I,8278.48915,0.0,0.0,16.969583,0.011714
KMTS42,I,8278.50088,0.0,0.0,16.973669,0.013162
KMTS42,I,8278.51284,0.0,0.0,16.977184,0.013887
KMTS42,I,8278.54544,0.0,0.0,16.943909,0.012726
KMTS42,I,8278.56452,0.0,0.0,16.976329,0.012434
KMTS42,I,8278.5763,0.0,0.0,16.967492,0.016822
KMTS42,I,8278.58786,0.0,0.0,16.9519,0.015092
KMTS42,I,8278.59967,0.0,0.0,16.965401,0.013713
KMTS42,I,8278.61345,0.0,0.0,16.951615,0.012812
KMTS42,I,8278.63261,0.0,0.0,17.006421,0.017248
KMTS42,I,8278.64648,0.0,0.0,16.983927,0.013428
KMTS42,I,8278.65628,0.0,0.0,16.970058,0.016453
KMTS42,I,8280.30412,0.0,0.0,16.977849,0.012071
KMTS42,I,8280.31617,0.0,0.0,16.967207,0.013439
KMTS42,I,8280.32994,0.0,0.0,16.98782,0.013062
KMTS42,I,8280.34179,0.0,0.0,16.981648,0.011617
KMTS42,I,8280.36169,0.0,0.0,16.990669,0.011792
KMTS42,I,8280.37359,0.0,0.0,16.972148,0.011171
KMTS42,I,8280.3853,0.0,0.0,16.983832,0.011345
KMTS42,I,8280.39717,0.0,0.0,16.973669,0.010991
KMTS42,I,8280.40884,0.0,0.0,16.989055,0.011522
KMTS42,I,8280.42824,0.0,0.0,16.982788,0.010716
KMTS42,I,8280.43989,0.0,0.0,16.965971,0.010187
KMTS42,I,8280.45194,0.0,0.0,16.966922,0.010635
KMTS42,I,8280.4639,0.0,0.0,16.966827,0.010366
KMTS42,I,8280.47553,0.0,0.0,16.981933,0.01018
KMTS42,I,8280.49512,0.0,0.0,16.999875,0.012329
KMTS42,I,8280.50697,0.0,0.0,16.983452,0.010537
KMTS42,I,8280.5275,0.0,0.0,16.989434,0.011793
KMTS42,I,8280.54023,0.0,0.0,16.995035,0.012332
KMTS42,I,8280.55235,0.0,0.0,16.955419,0.018855
KMTS42,I,8280.57464,0.0,0.0,17.003575,0.012236
KMTS42,I,8280.58659,0.0,0.0,16.968823,0.013347
KMTS42,I,8280.61268,0.0,0.0,17.001393,0.014965
KMTS42,I,8280.62467,0.0,0.0,16.993421,0.01561
KMTS42,I,8280.65099,0.0,0.0,17.005093,0.016059
KMTS42,I,8281.2973,0.0,0.0,17.009646,0.015963
KMTS42,I,8281.30921,0.0,0.0,17.010025,0.014776
KMTS42,I,8281.32149,0.0,0.0,16.999685,0.016154
KMTS42,I,8281.33554,0.0,0.0,16.983452,0.012883
KMTS42,I,8281.43827,0.0,0.0,16.997882,0.011157
KMTS42,I,8281.45235,0.0,0.0,16.987725,0.010177
KMTS42,I,8281.47141,0.0,0.0,16.998262,0.01242
KMTS42,I,8281.48416,0.0,0.0,16.980698,0.011077
KMTS42,I,8281.49615,0.0,0.0,16.993991,0.01161
KMTS42,I,8281.50801,0.0,0.0,16.986301,0.010625
KMTS42,I,8281.52058,0.0,0.0,16.991903,0.010622
KMTS42,I,8281.54084,0.0,0.0,16.997028,0.010978
KMTS42,I,8281.55283,0.0,0.0,16.998451,0.012692
KMTS42,I,8281.56458,0.0,0.0,17.002626,0.013234
KMTS42,I,8281.57659,0.0,0.0,16.975664,0.01171
KMTS42,I,8281.58851,0.0,0.0,16.990194,0.023525
KMTS42,I,8281.60778,0.0,0.0,17.001203,0.013325
KMTS42,I,8281.61097,0.0,0.0,16.978514,0.013613
KMTS42,I,8281.62149,0.0,0.0,17.00737,0.014869
KMTS42,I,8281.63351,0.0,0.0,16.983547,0.015343
KMTS42,I,8281.6487,0.0,0.0,17.016568,0.01669
KMTS42,I,8282.29758,0.0,0.0,17.010215,0.01752
KMTS42,I,8282.30919,0.0,0.0,17.01818,0.01395
KMTS42,I,8282.3212,0.0,0.0,16.982978,0.012974
KMTS42,I,8282.34314,0.0,0.0,17.008792,0.013775
KMTS42,I,8282.35513,0.0,0.0,17.008887,0.012414
KMTS42,I,8282.36673,0.0,0.0,16.994465,0.012513
KMTS42,I,8282.38415,0.0,0.0,16.984782,0.012248
KMTS42,I,8282.39595,0.0,0.0,17.037131,0.01312
KMTS42,I,8282.41518,0.0,0.0,16.986681,0.012428
KMTS42,I,8282.42852,0.0,0.0,17.002911,0.012146
KMTS42,I,8282.44046,0.0,0.0,17.006231,0.012868
KMTS42,I,8282.45238,0.0,0.0,17.002342,0.012237
KMTS42,I,8282.46858,0.0,0.0,17.001203,0.012509
KMTS42,I,8282.48756,0.0,0.0,17.016663,0.011147
KMTS42,I,8282.49929,0.0,0.0,16.987915,0.011433
KMTS42,I,8282.51179,0.0,0.0,17.005757,0.012959
KMTS42,I,8282.52374,0.0,0.0,17.019223,0.011685
KMTS42,I,8282.53557,0.0,0.0,17.000729,0.013962
KMTS42,I,8282.55602,0.0,0.0,17.013913,0.017517
KMTS42,I,8282.56869,0.0,0.0,17.011353,0.014137
KMTS42,I,8282.58045,0.0,0.0,16.991903,0.013968
KMTS42,I,8282.59233,0.0,0.0,17.021972,0.014494
KMTS42,I,8282.60399,0.0,0.0,17.011353,0.014046
KMTS42,I,8282.62305,0.0,0.0,17.00699,0.016057
KMTS42,I,8282.63496,0.0,0.0,16.985162,0.015617
KMTS42,I,8282.64549,0.0,0.0,17.036373,0.021261
KMTS42,I,8283.30615,0.0,0.0,16.982408,0.014522
KMTS42,I,8283.3427,0.0,0.0,16.994655,0.012242
KMTS42,I,8283.35454,0.0,0.0,16.980413,0.011437
KMTS42,I,8283.36873,0.0,0.0,17.016284,0.012681
KMTS42,I,8283.4285,0.0,0.0,17.013155,0.013317
KMTS42,I,8283.49165,0.0,0.0,17.016379,0.014042
KMTS42,I,8283.61822,0.0,0.0,16.991428,0.018547
KMTS42,I,8283.63004,0.0,0.0,17.008318,0.018348
KMTS42,I,8283.64664,0.0,0.0,17.021119,0.023304
KMTS42,I,8286.39326,0.0,0.0,17.002721,0.017802
KMTS42,I,8286.40534,0.0,0.0,17.045748,0.017122
KMTS42,I,8286.41737,0.0,0.0,17.022066,0.012315
KMTS42,I,8286.43607,0.0,0.0,17.036563,0.013483
KMTS42,I,8286.44802,0.0,0.0,17.014956,0.013044
KMTS42,I,8286.46313,0.0,0.0,17.008223,0.012505
KMTS42,I,8286.47479,0.0,0.0,17.036184,0.012306
KMTS42,I,8286.48662,0.0,0.0,17.015146,0.012953
KMTS42,I,8286.50561,0.0,0.0,17.004998,0.013051
KMTS42,I,8286.52126,0.0,0.0,17.017422,0.013769
KMTS42,I,8286.53321,0.0,0.0,17.032585,0.012399
KMTS42,I,8286.54711,0.0,0.0,17.028321,0.014125
KMTS42,I,8286.5592,0.0,0.0,17.030595,0.013034
KMTS42,I,8286.58018,0.0,0.0,16.995604,0.019923
KMTS42,I,8286.59232,0.0,0.0,16.923443,0.037442
KMTS42,I,8286.60625,0.0,0.0,17.027942,0.016314
KMTS42,I,8286.62133,0.0,0.0,17.091418,0.023954
KMTS42,I,8286.63474,0.0,0.0,17.06401,0.045135
KMTS42,I,8289.60939,0.0,0.0,17.041677,0.017492
KMTS42,I,8289.62694,0.0,0.0,17.026426,0.014855
KMTS42,I,8290.27074,0.0,0.0,16.992092,0.016435
KMTS42,I,8290.28951,0.0,0.0,17.015999,0.015593
KMTS42,I,8290.30144,0.0,0.0,17.006042,0.014687
KMTS42,I,8290.31344,0.0,0.0,17.019412,0.014313
KMTS42,I,8290.3257,0.0,0.0,17.002342,0.014781
KMTS42,I,8290.33752,0.0,0.0,16.98877,0.021312
KMTS42,I,8290.35657,0.0,0.0,16.996553,0.01689
KMTS42,I,8290.3682,0.0,0.0,17.016663,0.015684
KMTS42,I,8290.37957,0.0,0.0,16.998641,0.014419
KMTS42,I,8290.39089,0.0,0.0,16.993896,0.016709
KMTS42,I,8290.40236,0.0,0.0,17.021782,0.014858
KMTS42,I,8290.41411,0.0,0.0,16.998641,0.014602
KMTS42,I,8290.43443,0.0,0.0,17.008508,0.012324
KMTS42,I,8290.44613,0.0,0.0,16.985067,0.011705
KMTS42,I,8290.45791,0.0,0.0,16.994465,0.011159
KMTS42,I,8290.46952,0.0,0.0,17.002911,0.011966
KMTS42,I,8290.48102,0.0,0.0,17.000539,0.01251
KMTS42,I,8290.50177,0.0,0.0,16.982883,0.011706
KMTS42,I,8290.51358,0.0,0.0,16.99532,0.012151
KMTS42,I,8290.52547,0.0,0.0,16.991428,0.011341
KMTS42,I,8290.5369,0.0,0.0,16.978324,0.01189
KMTS42,I,8290.54866,0.0,0.0,16.978799,0.010539
KMTS42,I,8290.56712,0.0,0.0,16.994465,0.011971
KMTS42,I,8290.57862,0.0,0.0,16.988295,0.013516
KMTS42,I,8290.59017,0.0,0.0,16.990953,0.01315
KMTS42,I,8290.60167,0.0,0.0,16.982978,0.014339
KMTS42,I,8290.62357,0.0,0.0,16.986016,0.016623
KMTS42,I,8291.27239,0.0,0.0,16.966352,0.014442
KMTS42,I,8291.29845,0.0,0.0,16.913822,0.015027
KMTS42,I,8291.31093,0.0,0.0,16.936677,0.013914
KMTS42,I,8291.32258,0.0,0.0,16.931061,0.013826
KMTS42,I,8291.33484,0.0,0.0,16.982408,0.01434
KMTS42,I,8291.34675,0.0,0.0,16.952756,0.012811
KMTS42,I,8291.37332,0.0,0.0,16.931346,0.01246
KMTS42,I,8291.38509,0.0,0.0,16.978134,0.013159
KMTS42,I,8291.39702,0.0,0.0,16.950949,0.012268
KMTS42,I,8291.4088,0.0,0.0,16.94781,0.012996
KMTS42,I,8291.42071,0.0,0.0,16.951519,0.013449
KMTS42,I,8291.42232,0.0,0.0,16.959032,0.014082
KMTS42,I,8291.44162,0.0,0.0,16.939818,0.013183
KMTS42,I,8291.45285,0.0,0.0,16.954373,0.013811
KMTS42,I,8291.47973,0.0,0.0,16.936391,0.011281
KMTS42,I,8291.49356,0.0,0.0,16.938009,0.01137
KMTS42,I,8292.2666,0.0,0.0,16.84072,0.014432
KMTS42,I,8292.27809,0.0,0.0,16.872242,0.01478
KMTS42,I,8292.29706,0.0,0.0,16.917442,0.011743
KMTS42,I,8292.31485,0.0,0.0,16.969108,0.012348
KMTS42,I,8292.32705,0.0,0.0,17.014293,0.012139
KMTS42,I,8292.33851,0.0,0.0,17.039878,0.012575
KMTS42,I,8292.35028,0.0,0.0,17.095195,0.012989
KMTS42,I,8292.38183,0.0,0.0,17.17499,0.013561
KMTS42,I,8292.3931,0.0,0.0,17.163801,0.01267
KMTS42,I,8292.40461,0.0,0.0,17.161073,0.013392
KMTS42,I,8292.41622,0.0,0.0,17.167845,0.013296
KMTS42,I,8292.42816,0.0,0.0,17.167093,0.012488
KMTS42,I,8292.44719,0.0,0.0,17.175554,0.011586
KMTS42,I,8292.45864,0.0,0.0,17.145921,0.012054
KMTS42,I,8292.46999,0.0,0.0,17.18232,0.012476
KMTS42,I,8292.48212,0.0,0.0,17.149687,0.01268
KMTS42,I,8292.49559,0.0,0.0,17.159568,0.014657
KMTS42,I,8292.51957,0.0,0.0,17.179313,0.016179
KMTS42,I,8292.53107,0.0,0.0,17.18589,0.016536
KMTS42,I,8292.54582,0.0,0.0,17.15204,0.017387
KMTS42,I,8292.55718,0.0,0.0,17.185702,0.019354
KMTS42,I,8292.56831,0.0,0.0,17.17499,0.015549
KMTS42,I,8292.58739,0.0,0.0,17.180817,0.016359
KMTS42,I,8292.59934,0.0,0.0,17.169537,0.016552
KMTS42,I,8294.26676,0.0,0.0,17.162484,0.025415
KMTS42,I,8294.28283,0.0,0.0,16.982503,0.090881
KMTS42,I,8294.29454,0.0,0.0,17.296634,0.098587
KMTS42,I,8294.30841,0.0,0.0,17.206449,0.149982
KMTS42,I,8294.33999,0.0,0.0,17.133018,0.061193
KMTS42,I,8294.35154,0.0,0.0,17.122933,0.039828
KMTS42,I,8294.36441,0.0,0.0,17.121613,0.044809
KMTS42,I,8294.37725,0.0,0.0,17.180817,0.04337
KMTS42,I,8294.3966,0.0,0.0,17.346456,0.246187
KMTS42,I,8294.40861,0.0,0.0,17.215734,0.076228
KMTS42,I,8294.42038,0.0,0.0,17.160791,0.037352
KMTS42,I,8294.43223,0.0,0.0,17.14931,0.073855
KMTS42,I,8294.44395,0.0,0.0,17.17358,0.077526
KMTS42,I,8294.46385,0.0,0.0,17.174332,0.028237
KMTS42,I,8294.47574,0.0,0.0,17.175366,0.019457
KMTS42,I,8294.48747,0.0,0.0,17.207762,0.020511
KMTS42,I,8294.50371,0.0,0.0,17.205041,0.092268
KMTS42,I,8294.5157,0.0,0.0,17.099349,0.039972
KMTS42,I,8294.53494,0.0,0.0,17.133771,0.112128
KMTS42,I,8294.54681,0.0,0.0,17.161261,0.022762
KMTS42,I,8294.55868,0.0,0.0,17.092645,0.096287
KMTS42,I,8294.57052,0.0,0.0,17.119916,0.112308
KMTS42,I,8294.5824,0.0,0.0,17.186453,0.027576
KMTS42,I,8294.59412,0.0,0.0,17.14093,0.053145
KMTS42,I,8294.61769,0.0,0.0,17.476088,0.130687
KMTS42,I,8295.27836,0.0,0.0,17.212921,0.041911
KMTS42,I,8295.297,0.0,0.0,17.13151,0.057047
KMTS42,I,8295.35081,0.0,0.0,17.221171,0.025691
KMTS42,I,8295.38652,0.0,0.0,17.184199,0.054483
KMTS42,I,8295.41509,0.0,0.0,17.257218,0.062111
KMTS42,I,8295.43293,0.0,0.0,17.214327,0.019593
KMTS42,I,8295.45054,0.0,0.0,17.21067,0.021965
KMTS42,I,8295.47288,0.0,0.0,17.155616,0.023593
KMTS42,I,8295.4907,0.0,0.0,17.22567,0.028972
KMTS42,I,8295.51239,0.0,0.0,17.147804,0.042165
KMTS42,I,8295.54158,0.0,0.0,17.211701,0.025249
KMTS42,I,8295.58061,0.0,0.0,17.189647,0.030227
KMTS42,I,8296.26095,0.0,0.0,17.228293,0.064609
KMTS42,I,8296.28481,0.0,0.0,17.174426,0.061323
KMTS42,I,8296.32984,0.0,0.0,17.165964,0.046996
KMTS42,I,8296.352,0.0,0.0,17.147522,0.039313
KMTS42,I,8296.3925,0.0,0.0,17.223702,0.042342
KMTS42,I,8296.42056,0.0,0.0,17.184763,0.039778
KMTS42,I,8296.43835,0.0,0.0,17.21639,0.044928
KMTS42,I,8296.45736,0.0,0.0,17.172828,0.036407
KMTS42,I,8296.47505,0.0,0.0,17.125855,0.034756
KMTS42,I,8296.49281,0.0,0.0,17.184011,0.035832
KMTS42,I,8296.52162,0.0,0.0,17.141778,0.03546
KMTS42,I,8296.54614,0.0,0.0,17.193497,0.043889
KMTS42,I,8300.33227,0.0,0.0,17.198848,0.017248
KMTS42,I,8300.3536,0.0,0.0,17.188614,0.015446
KMTS42,I,8300.37886,0.0,0.0,17.195468,0.015168
KMTS42,I,8300.39627,0.0,0.0,17.180629,0.01645
KMTS42,I,8300.41418,0.0,0.0,17.197533,0.015076
KMTS42,I,8300.43392,0.0,0.0,17.186265,0.014002
KMTS42,I,8300.45722,0.0,0.0,17.183823,0.014365
KMTS42,I,8300.4864,0.0,0.0,17.172358,0.015008
KMTS42,I,8300.50408,0.0,0.0,17.169537,0.014197
KMTS42,I,8300.52538,0.0,0.0,17.169349,0.014558
KMTS42,I,8300.54555,0.0,0.0,17.185514,0.015449
KMTS42,I,8303.24249,0.0,0.0,17.219671,0.018678
KMTS42,I,8303.24401,0.0,0.0,17.201006,0.01879
KMTS42,I,8303.24551,0.0,0.0,17.186641,0.019444
KMTS42,I,8303.3614,0.0,0.0,17.197627,0.014805
KMTS42,I,8303.38329,0.0,0.0,17.188426,0.01328
KMTS42,I,8303.41514,0.0,0.0,17.191994,0.013457
KMTS42,I,8303.46024,0.0,0.0,17.174426,0.013021
KMTS42,I,8303.52381,0.0,0.0,17.180629,0.013016
KMTS42,I,8303.5419,0.0,0.0,17.186078,0.011579
KMTS42,I,8303.58577,0.0,0.0,17.185138,0.014274
KMTS42,I,8304.29201,0.0,0.0,17.192558,0.010329
KMTS42,I,8304.31124,0.0,0.0,17.185514,0.011311
KMTS42,I,8304.33777,0.0,0.0,17.197627,0.010415
KMTS42,I,8304.36565,0.0,0.0,17.203071,0.010855
KMTS42,I,8304.39857,0.0,0.0,17.186078,0.010511
KMTS42,I,8304.42102,0.0,0.0,17.200631,0.012642
KMTS42,I,8304.43883,0.0,0.0,17.193309,0.011574
KMTS42,I,8304.45638,0.0,0.0,17.209263,0.011117
KMTS42,I,8304.47403,0.0,0.0,17.203165,0.013178
KMTS42,I,8304.50224,0.0,0.0,17.197533,0.013093
KMTS42,I,8304.54288,0.0,0.0,17.196689,0.012197
KMTS42,I,8304.56283,0.0,0.0,17.182226,0.013465
KMTS42,I,8305.40086,0.0,0.0,17.188614,0.010687
KMTS42,I,8305.40407,0.0,0.0,17.171324,0.010609
KMTS42,I,8305.42034,0.0,0.0,17.200537,0.011747
KMTS42,I,8305.48867,0.0,0.0,17.182884,0.015089
KMTS42,I,8305.51277,0.0,0.0,17.186547,0.013552
KMTS42,I,8305.53553,0.0,0.0,17.191525,0.013818
KMTS42,I,8305.55432,0.0,0.0,17.215171,0.015783
KMTS42,I,8305.57468,0.0,0.0,17.172264,0.015461
KMTS42,I,8305.5879,0.0,0.0,17.18138,0.015905
KMTS42,I,8306.23823,0.0,0.0,17.185138,0.012474
KMTS42,I,8306.26906,0.0,0.0,17.196125,0.011304
KMTS42,I,8306.28668,0.0,0.0,17.179595,0.011226
KMTS42,I,8306.30466,0.0,0.0,17.202038,0.012551
KMTS42,I,8306.32454,0.0,0.0,17.203352,0.0105
KMTS42,I,8306.34505,0.0,0.0,17.204854,0.010854
KMTS42,I,8306.38304,0.0,0.0,17.185796,0.010157
KMTS42,I,8306.40339,0.0,0.0,17.197346,0.014715
KMTS42,I,8306.4254,0.0,0.0,17.207199,0.012727
KMTS42,I,8306.45158,0.0,0.0,17.186265,0.012832
KMTS42,I,8306.47015,0.0,0.0,17.201945,0.01444
KMTS42,I,8306.49114,0.0,0.0,17.201569,0.014711
KMTS42,I,8306.51674,0.0,0.0,17.19575,0.015801
KMTS42,I,8306.53783,0.0,0.0,17.212452,0.01669
KMTS42,I,8306.55645,0.0,0.0,17.20748,0.01579
KMTS42,I,8306.58162,0.0,0.0,17.212546,0.016147
KMTS42,I,8307.22932,0.0,0.0,17.204009,0.016336
KMTS42,I,8307.25171,0.0,0.0,17.194154,0.016437
KMTS42,I,8307.28768,0.0,0.0,17.195844,0.011394
KMTS42,I,8307.30797,0.0,0.0,17.194623,0.013275
KMTS42,I,8307.32557,0.0,0.0,17.199505,0.013181
KMTS42,I,8307.34414,0.0,0.0,17.20551,0.013626
KMTS42,I,8307.36413,0.0,0.0,17.205886,0.012817
KMTS42,I,8307.39513,0.0,0.0,17.200725,0.012911
KMTS42,I,8307.42063,0.0,0.0,17.192839,0.016529
KMTS42,I,8307.43863,0.0,0.0,17.196595,0.013364
KMTS42,I,8307.45857,0.0,0.0,17.190867,0.015172
KMTS42,I,8307.47878,0.0,0.0,17.173956,0.013922
KMTS42,I,8307.50151,0.0,0.0,17.211232,0.014161
KMTS42,I,8307.53144,0.0,0.0,17.189928,0.01418
KMTS42,I,8307.54902,0.0,0.0,17.182602,0.014457
KMTS42,I,8307.56691,0.0,0.0,17.213671,0.016146
KMTS42,I,8307.57897,0.0,0.0,17.204009,0.01688
KMTS42,I,8308.22603,0.0,0.0,17.201194,0.014711
KMTS42,I,8308.24416,0.0,0.0,17.183635,0.013734
KMTS42,I,8308.26556,0.0,0.0,17.201475,0.012552
KMTS42,I,8308.29293,0.0,0.0,17.223608,0.012803
KMTS42,I,8308.31816,0.0,0.0,17.201757,0.011836
KMTS42,I,8308.33572,0.0,0.0,17.192464,0.012738
KMTS42,I,8308.35358,0.0,0.0,17.198472,0.014172
KMTS42,I,8308.37411,0.0,0.0,17.183447,0.012028
KMTS42,I,8308.40709,0.0,0.0,17.227356,0.0128
KMTS42,I,8308.42508,0.0,0.0,17.183541,0.021545
KMTS42,I,8308.44282,0.0,0.0,17.212639,0.015875
KMTS42,I,8308.46062,0.0,0.0,17.204947,0.013627
KMTS42,I,8308.4836,0.0,0.0,17.194905,0.013365
KMTS42,I,8308.51666,0.0,0.0,17.218546,0.014245
KMTS42,I,8308.53469,0.0,0.0,17.194811,0.013365
KMTS42,I,8308.55257,0.0,0.0,17.190304,0.014179
KMTS42,I,8308.5746,0.0,0.0,17.201288,0.016974
KMTS42,I,8309.23711,0.0,0.0,17.186829,0.014272
KMTS42,I,8309.25729,0.0,0.0,17.193027,0.013907
KMTS42,I,8309.27887,0.0,0.0,17.199035,0.012554
KMTS42,I,8309.30651,0.0,0.0,17.202883,0.01273
KMTS42,I,8309.32431,0.0,0.0,17.219015,0.012449
KMTS42,I,8309.34225,0.0,0.0,17.199505,0.012374
KMTS42,I,8309.35996,0.0,0.0,17.211608,0.012275
KMTS42,I,8309.38128,0.0,0.0,17.211139,0.012008
KMTS42,I,8310.22719,0.0,0.0,17.196407,0.015529
KMTS42,I,8310.25538,0.0,0.0,17.217609,0.016504
KMTS42,I,8310.27318,0.0,0.0,17.218265,0.015237
KMTS42,I,8310.29738,0.0,0.0,17.191149,0.012739
KMTS42,I,8310.31521,0.0,0.0,17.203165,0.014439
KMTS42,I,8310.33303,0.0,0.0,17.215077,0.01497
KMTS42,I,8310.36118,0.0,0.0,17.191807,0.012469
KMTS42,I,8310.37886,0.0,0.0,17.211608,0.011739
KMTS42,I,8310.39688,0.0,0.0,17.192276,0.01104
KMTS42,I,8310.41468,0.0,0.0,17.207105,0.012547
KMTS42,I,8310.43436,0.0,0.0,17.225951,0.01523
KMTS42,I,8311.22302,0.0,0.0,17.208794,0.01751
KMTS42,I,8311.25825,0.0,0.0,17.224452,0.016226
KMTS42,I,8311.27609,0.0,0.0,17.213671,0.015332
KMTS42,I,8311.29377,0.0,0.0,17.18138,0.013466
KMTS42,I,8311.31165,0.0,0.0,17.20354,0.013628
KMTS42,I,8311.32954,0.0,0.0,17.190492,0.013909
KMTS42,I,8311.35488,0.0,0.0,17.205229,0.013986
KMTS42,I,8311.3802,0.0,0.0,17.198191,0.012106
KMTS42,I,8311.39784,0.0,0.0,17.192276,0.014268
KMTS42,I,8311.41345,0.0,0.0,17.211795,0.016148
KMTS42,I,8315.23302,0.0,0.0,17.230261,0.020028
KMTS42,I,8315.25139,0.0,0.0,17.23663,0.022932
KMTS42,I,8315.27151,0.0,0.0,17.252635,0.052606
KMTS42,I,8315.29777,0.0,0.0,17.240843,0.030406
KMTS42,I,8315.33076,0.0,0.0,17.249454,0.020458
KMTS42,I,8315.34861,0.0,0.0,17.281421,0.054702
KMTS42,I,8315.37,0.0,0.0,17.266941,0.034462
KMTS42,I,8315.38751,0.0,0.0,17.25647,0.020994
KMTS42,I,8315.46606,0.0,0.0,17.209544,0.016331
KMTS42,I,8317.22386,0.0,0.0,17.19575,0.015801
KMTS42,I,8317.24175,0.0,0.0,17.219109,0.015056
KMTS42,I,8317.25946,0.0,0.0,17.203165,0.014258
KMTS42,I,8317.28182,0.0,0.0,17.209544,0.013263
KMTS42,I,8317.29995,0.0,0.0,17.229605,0.015407
KMTS42,I,8317.32884,0.0,0.0,17.219953,0.016954
KMTS42,I,8317.34652,0.0,0.0,17.214702,0.016688
KMTS42,I,8317.36441,0.0,0.0,17.203821,0.015703
KMTS42,I,8317.38213,0.0,0.0,17.225482,0.018944
KMTS42,I,8317.39991,0.0,0.0,17.19744,0.016978
KMTS42,I,8317.42218,0.0,0.0,17.207293,0.016967
KMTS42,I,8317.44733,0.0,0.0,17.198848,0.019612
KMTS42,I,8317.46478,0.0,0.0,17.234663,0.023481
KMTS42,I,8317.48235,0.0,0.0,17.202977,0.022067
KMTS42,I,8317.49967,0.0,0.0,17.180441,0.02951
KMTS42,I,8317.52428,0.0,0.0,17.227825,0.021578
KMTS42,I,8317.55069,0.0,0.0,17.216765,0.025515
KMTS42,I,8318.22466,0.0,0.0,17.287676,0.054771
KMTS42,I,8318.24258,0.0,0.0,17.21564,0.015692
KMTS42,I,8318.2618,0.0,0.0,17.149028,0.055608
KMTS42,I,8318.42714,0.0,0.0,17.220046,0.013794
KMTS42,I,8318.45674,0.0,0.0,17.195562,0.013544
KMTS42,I,8318.4743,0.0,0.0,17.214796,0.014789
KMTS42,I,8318.49218,0.0,0.0,17.137728,0.244737
KMTS42,I,8318.51584,0.0,0.0,17.217703,0.013436
KMTS42,I,8318.5336,0.0,0.0,17.204103,0.016246
KMTS42,I,8318.54442,0.0,0.0,17.247395,0.017016
KMTS42,I,8319.2225,0.0,0.0,17.219015,0.023869
KMTS42,I,8319.25122,0.0,0.0,17.17405,0.02998
KMTS42,I,8319.26922,0.0,0.0,17.232977,0.014412
KMTS42,I,8319.28683,0.0,0.0,17.20673,0.012817
KMTS42,I,8319.30479,0.0,0.0,17.2011,0.015344
KMTS42,I,8319.32242,0.0,0.0,17.218734,0.012359
KMTS42,I,8319.34851,0.0,0.0,17.219765,0.01209
KMTS42,I,8319.37348,0.0,0.0,17.197158,0.013723
KMTS42,I,8319.3915,0.0,0.0,17.199317,0.012195
KMTS42,I,8319.40921,0.0,0.0,17.220609,0.011822
KMTS42,I,8319.42686,0.0,0.0,17.208043,0.013354
KMTS42,I,8319.45258,0.0,0.0,17.206824,0.013715
KMTS42,I,8319.48947,0.0,0.0,17.194436,0.012557
KMTS42,I,8319.50734,0.0,0.0,17.215171,0.013798
KMTS42,I,8319.52737,0.0,0.0,17.217046,0.014968
KMTS42,I,8320.2258,0.0,0.0,17.172358,0.037694
KMTS42,I,8320.24353,0.0,0.0,17.250296,0.052797
KMTS42,I,8320.26124,0.0,0.0,17.202789,0.014259
KMTS42,I,8320.29005,0.0,0.0,17.225482,0.015231
KMTS42,I,8320.30916,0.0,0.0,17.191149,0.014359
KMTS42,I,8320.32678,0.0,0.0,17.221265,0.013973
KMTS42,I,8320.34471,0.0,0.0,17.203634,0.014168
KMTS42,I,8320.36274,0.0,0.0,17.203915,0.014709
KMTS42,I,8320.39163,0.0,0.0,17.248799,0.017648
KMTS42,I,8320.4168,0.0,0.0,17.211326,0.015334
KMTS42,I,8320.43444,0.0,0.0,17.216578,0.014607
KMTS42,I,8320.45234,0.0,0.0,17.200818,0.013001
KMTS42,I,8320.47504,0.0,0.0,17.20795,0.016061
KMTS42,I,8320.49717,0.0,0.0,17.202038,0.01453
KMTS42,I,8320.52436,0.0,0.0,17.204009,0.01507
KMTS42,I,8320.5381,0.0,0.0,17.200443,0.014441
KMTS42,I,8321.21974,0.0,0.0,17.21489,0.016054
KMTS42,I,8321.23749,0.0,0.0,17.181098,0.01645
KMTS42,I,8321.25544,0.0,0.0,17.198754,0.014082
KMTS42,I,8321.27343,0.0,0.0,17.217796,0.015057
KMTS42,I,8321.29385,0.0,0.0,17.228012,0.034272
KMTS42,I,8321.32821,0.0,0.0,17.193684,0.015532
KMTS42,I,8321.34563,0.0,0.0,17.195938,0.016073
KMTS42,I,8321.36345,0.0,0.0,17.220796,0.014243
KMTS42,I,8321.38452,0.0,0.0,17.210388,0.013712
KMTS42,I,8321.4021,0.0,0.0,17.222765,0.015143
KMTS42,I,8321.43801,0.0,0.0,17.219578,0.020588
KMTS42,I,8321.45802,0.0,0.0,17.204009,0.017606
KMTS42,I,8321.47589,0.0,0.0,17.224733,0.016949
KMTS42,I,8321.49384,0.0,0.0,17.244962,0.022556
KMTS42,I,8321.51129,0.0,0.0,17.198754,0.020705
KMTS42,I,8321.53242,0.0,0.0,17.197909,0.020432
KMTS42,I,8322.23263,0.0,0.0,17.20945,0.018872
KMTS42,I,8322.25774,0.0,0.0,17.226326,0.016586
KMTS42,I,8322.2761,0.0,0.0,17.215359,0.014789
KMTS42,I,8322.29397,0.0,0.0,17.212639,0.016147
KMTS42,I,8322.31352,0.0,0.0,17.207105,0.016515
KMTS42,I,8322.33506,0.0,0.0,17.194248,0.01535
KMTS42,I,8322.36214,0.0,0.0,17.226045,0.018036
KMTS42,I,8322.37989,0.0,0.0,17.210764,0.01778
KMTS42,I,8322.39775,0.0,0.0,17.217609,0.017047
KMTS42,I,8322.41755,0.0,0.0,17.215265,0.014969
KMTS42,I,8322.43534,0.0,0.0,17.218734,0.020953
KMTS42,I,8322.46525,0.0,0.0,17.224639,0.019672
KMTS42,I,8322.48323,0.0,0.0,17.205416,0.020696
KMTS42,I,8322.50081,0.0,0.0,17.21067,0.020053
KMTS42,I,8322.51853,0.0,0.0,17.240469,0.02147
KMTS42,I,8322.53399,0.0,0.0,17.217328,0.020681
KMTS42,I,8323.23018,0.0,0.0,17.227075,0.025499
KMTS42,I,8323.2519,0.0,0.0,17.202508,0.024624
KMTS42,I,8323.283,0.0,0.0,17.201851,0.02289
KMTS42,I,8323.30137,0.0,0.0,17.213202,0.024425
KMTS42,I,8323.31887,0.0,0.0,17.236723,0.024754
KMTS42,I,8323.33662,0.0,0.0,17.214421,0.023511
KMTS42,I,8323.35899,0.0,0.0,17.2356,0.026033
KMTS42,I,8323.38063,0.0,0.0,17.226607,0.025591
KMTS42,I,8323.4096,0.0,0.0,17.226982,0.027599
KMTS42,I,8323.42744,0.0,0.0,17.221734,0.027974
KMTS42,I,8323.44635,0.0,0.0,17.206355,0.027451
KMTS42,I,8323.46394,0.0,0.0,17.192276,0.028482
KMTS42,I,8323.48827,0.0,0.0,17.188332,0.034172
KMTS42,I,8323.51533,0.0,0.0,17.184575,0.041432
KMTS42,I,8323.53107,0.0,0.0,17.17358,0.035671
KMTS42,I,8324.21414,0.0,0.0,17.267782,0.044143
KMTS42,I,8324.23593,0.0,0.0,17.212264,0.036504
KMTS42,I,8324.25376,0.0,0.0,17.199692,0.0391
KMTS42,I,8324.27168,0.0,0.0,17.257218,0.034849
KMTS42,I,8324.28938,0.0,0.0,17.207011,0.04211
KMTS42,I,8324.32263,0.0,0.0,17.185232,0.045288
KMTS42,I,8324.34039,0.0,0.0,17.304467,0.046955
KMTS42,I,8324.35804,0.0,0.0,17.203352,0.042945
KMTS42,I,8324.37571,0.0,0.0,17.286649,0.044363
KMTS42,I,8324.39348,0.0,0.0,17.215171,0.052454
KMTS42,I,8324.4423,0.0,0.0,17.175178,0.039985
KMTS42,I,8324.46025,0.0,0.0,17.195562,0.04471
KMTS42,I,8324.47927,0.0,0.0,17.18805,0.050151
KMTS42,I,8324.49688,0.0,0.0,17.23663,0.055134
KMTS42,I,8324.52824,0.0,0.0,17.153452,0.057068
KMTS42,I,8325.23526,0.0,0.0,17.189271,0.026381
KMTS42,I,8325.26339,0.0,0.0,17.234382,0.025214
KMTS42,I,8325.28211,0.0,0.0,17.201757,0.022798
KMTS42,I,8325.30016,0.0,0.0,17.224826,0.023313
KMTS42,I,8325.32052,0.0,0.0,17.232228,0.022847
KMTS42,I,8325.34228,0.0,0.0,17.222671,0.027058
KMTS42,I,8325.35254,0.0,0.0,17.230917,0.028141
KMTS42,I,8326.23325,0.0,0.0,17.234101,0.095773
KMTS42,I,8326.25829,0.0,0.0,17.203071,0.019425
KMTS42,I,8326.27608,0.0,0.0,17.203446,0.019879
KMTS42,I,8326.29383,0.0,0.0,17.176494,0.022741
KMTS42,I,8326.31292,0.0,0.0,17.20354,0.019606
KMTS42,I,8326.33418,0.0,0.0,17.202977,0.019698
KMTS42,I,8326.3631,0.0,0.0,17.186641,0.01817
KMTS42,I,8326.37947,0.0,0.0,17.252167,0.021545
KMTS42,I,8326.40012,0.0,0.0,17.158251,0.020206
KMTS42,I,8326.41784,0.0,0.0,17.15985,0.066994
KMTS42,I,8327.3569,0.0,0.0,17.213858,0.016236
KMTS42,I,8327.37461,0.0,0.0,17.21564,0.01533
KMTS42,I,8327.39236,0.0,0.0,17.213108,0.020414
KMTS42,I,8327.41008,0.0,0.0,17.186735,0.021449
KMTS42,I,8327.42774,0.0,0.0,17.194811,0.025641
KMTS42,I,8327.45929,0.0,0.0,17.283475,0.048574
KMTS42,I,8328.22002,0.0,0.0,17.45932,0.12282
KMTS42,I,8328.25554,0.0,0.0,17.214234,0.020594
KMTS42,I,8328.27369,0.0,0.0,17.204009,0.018696
KMTS42,I,8328.29485,0.0,0.0,17.232603,0.020571
KMTS42,I,8328.31839,0.0,0.0,17.2011,0.016702
KMTS42,I,8328.34481,0.0,0.0,17.219859,0.014695
KMTS42,I,8328.36282,0.0,0.0,17.197721,0.014714
KMTS42,I,8328.38198,0.0,0.0,17.190774,0.015353
KMTS42,I,8328.3996,0.0,0.0,17.208888,0.016241
KMTS42,I,8328.42325,0.0,0.0,17.223327,0.015504
KMTS42,I,8328.46541,0.0,0.0,17.195938,0.01916
KMTS42,I,8328.48796,0.0,0.0,17.218828,0.017137
KMTS42,I,8328.50574,0.0,0.0,17.208231,0.019692
KMTS42,I,8328.51638,0.0,0.0,17.250577,0.021456
KMTS42,I,8329.33959,0.0,0.0,17.221359,0.021131
KMTS42,I,8329.35719,0.0,0.0,17.221921,0.016681
KMTS42,I,8329.37478,0.0,0.0,17.207387,0.020421
KMTS42,I,8329.40388,0.0,0.0,17.208043,0.023885
KMTS42,I,8329.4217,0.0,0.0,17.223233,0.025596
KMTS42,I,8329.43916,0.0,0.0,17.252541,0.026005
KMTS42,I,8329.45688,0.0,0.0,17.25067,0.020184
KMTS42,I,8329.47486,0.0,0.0,17.216296,0.022869
KMTS42,I,8329.49842,0.0,0.0,17.198003,0.023443
KMTS42,I,8329.51493,0.0,0.0,17.180817,0.02365
KMTS42,I,8332.40819,0.0,0.0,17.222671,0.014512
KMTS42,I,8332.42546,0.0,0.0,17.273762,0.062594
KMTS42,I,8332.458,0.0,0.0,17.227263,0.014688
KMTS42,I,8332.47579,0.0,0.0,17.241686,0.016298
KMTS42,I,8332.51037,0.0,0.0,17.284689,0.034149
KMTS42,I,8333.23966,0.0,0.0,17.228012,0.018396
KMTS42,I,8333.25748,0.0,0.0,17.237473,0.016303
KMTS42,I,8333.27666,0.0,0.0,17.22164,0.016047
KMTS42,I,8333.2945,0.0,0.0,17.221546,0.016138
KMTS42,I,8333.313,0.0,0.0,17.216203,0.01841
KMTS42,I,8333.34121,0.0,0.0,17.217046,0.018954
KMTS42,I,8333.36107,0.0,0.0,17.206824,0.016243
KMTS42,I,8333.37884,0.0,0.0,17.192839,0.017981
KMTS42,I,8333.39662,0.0,0.0,17.210482,0.018053
KMTS42,I,8333.41619,0.0,0.0,17.248705,0.021732
KMTS42,I,8333.42039,0.0,0.0,17.179219,0.020182
KMTS42,I,8333.44403,0.0,0.0,17.216859,0.020773
KMTS42,I,8333.46982,0.0,0.0,17.226607,0.020488
KMTS42,I,8333.48749,0.0,0.0,17.225389,0.022674
KMTS42,I,8333.50397,0.0,0.0,17.249547,0.069837
KMTS42,I,8334.21115,0.0,0.0,17.156745,0.024141
KMTS42,I,8334.22893,0.0,0.0,17.22998,0.017397
KMTS42,I,8334.24648,0.0,0.0,17.226045,0.018126
KMTS42,I,8334.28944,0.0,0.0,17.207574,0.014615
KMTS42,I,8334.3153,0.0,0.0,17.209169,0.016512
KMTS42,I,8334.3332,0.0,0.0,17.274883,0.049423
KMTS42,I,8334.35101,0.0,0.0,17.201757,0.019335
KMTS42,I,8334.36899,0.0,0.0,17.211701,0.018506
KMTS42,I,8334.38658,0.0,0.0,17.251886,0.022728
KMTS42,I,8334.42371,0.0,0.0,17.248144,0.024281
KMTS42,I,8334.44115,0.0,0.0,17.2356,0.021386
KMTS42,I,8334.44421,0.0,0.0,17.199035,0.021707
KMTS42,I,8334.46206,0.0,0.0,17.227169,0.022216
KMTS42,I,8334.47992,0.0,0.0,17.273669,0.024514
KMTS42,I,8337.22618,0.0,0.0,17.234289,0.019206
KMTS42,I,8337.25895,0.0,0.0,17.211795,0.018051
KMTS42,I,8337.27707,0.0,0.0,17.248144,0.01783
KMTS42,I,8337.29717,0.0,0.0,17.209357,0.018054
KMTS42,I,8337.31837,0.0,0.0,17.237098,0.018205
KMTS42,I,8338.22483,0.0,0.0,17.211889,0.021144
KMTS42,I,8338.2277,0.0,0.0,17.221077,0.021314
KMTS42,I,8338.25068,0.0,0.0,17.214984,0.02032
KMTS42,I,8338.27673,0.0,0.0,17.222765,0.018311
KMTS42,I,8338.29716,0.0,0.0,17.236255,0.01748
KMTS42,I,8338.31486,0.0,0.0,17.206824,0.017331
KMTS42,I,8339.21474,0.0,0.0,17.21142,0.018688
KMTS42,I,8339.23331,0.0,0.0,17.221452,0.015867
KMTS42,I,8339.25532,0.0,0.0,17.212358,0.015062
KMTS42,I,8339.28158,0.0,0.0,17.231104,0.015586
KMTS42,I,8339.29961,0.0,0.0,17.230917,0.015948
KMTS42,I,8339.31743,0.0,0.0,17.22164,0.017134
KMTS42,I,8339.33508,0.0,0.0,17.242996,0.021376
KMTS42,I,8339.35786,0.0,0.0,17.225482,0.018944
KMTS42,I,8339.38793,0.0,0.0,17.200255,0.020794
KMTS42,I,8339.40574,0.0,0.0,17.243277,0.020012
KMTS42,I,8339.42331,0.0,0.0,17.224452,0.020036
KMTS42,I,8339.44101,0.0,0.0,17.208325,0.0186
KMTS42,I,8339.47123,0.0,0.0,17.207199,0.02115
KMTS42,I,8339.48415,0.0,0.0,17.254506,0.023452
KMTS42,I,8340.22189,0.0,0.0,17.221171,0.015596
KMTS42,I,8340.25326,0.0,0.0,17.222202,0.013163
KMTS42,I,8340.27124,0.0,0.0,17.236255,0.014499
KMTS42,I,8340.28911,0.0,0.0,17.227638,0.015319
KMTS42,I,8340.30759,0.0,0.0,17.228387,0.014236
KMTS42,I,8340.32545,0.0,0.0,17.19528,0.014085
KMTS42,I,8340.34678,0.0,0.0,17.203446,0.014529
KMTS42,I,8340.37251,0.0,0.0,17.231291,0.015135
KMTS42,I,8340.39016,0.0,0.0,17.216578,0.015239
KMTS42,I,8340.40795,0.0,0.0,17.205698,0.016516
KMTS42,I,8340.42585,0.0,0.0,17.212546,0.020687
KMTS42,I,8340.44717,0.0,0.0,17.217234,0.01732
KMTS42,I,8340.48168,0.0,0.0,17.223702,0.020673
KMTS42,I,8341.24745,0.0,0.0,17.211045,0.013711
KMTS42,I,8341.26523,0.0,0.0,17.213671,0.012542
KMTS42,I,8341.28306,0.0,0.0,17.206824,0.013445
KMTS42,I,8341.30065,0.0,0.0,17.219109,0.013885
KMTS42,I,8341.32258,0.0,0.0,17.231291,0.011636
KMTS42,I,8341.35166,0.0,0.0,17.253851,0.013496
KMTS42,I,8341.36958,0.0,0.0,17.221734,0.01191
KMTS42,I,8341.38746,0.0,0.0,17.210388,0.013802
KMTS42,I,8341.40661,0.0,0.0,17.211889,0.012723
KMTS42,I,8341.42432,0.0,0.0,17.22492,0.01406
KMTS42,I,8341.45543,0.0,0.0,17.240188,0.014226
KMTS42,I,8342.21573,0.0,0.0,17.236068,0.017118
KMTS42,I,8342.23811,0.0,0.0,17.241218,0.016028
KMTS42,I,8342.25825,0.0,0.0,17.202883,0.014078
KMTS42,I,8342.27589,0.0,0.0,17.199505,0.014171
KMTS42,I,8342.29432,0.0,0.0,17.218546,0.012539
KMTS42,I,8342.31589,0.0,0.0,17.216203,0.014337
KMTS42,I,8343.37642,0.0,0.0,17.20795,0.015609
KMTS42,I,8343.39399,0.0,0.0,17.247957,0.016834
KMTS42,I,8343.41171,0.0,0.0,17.237941,0.017297
KMTS42,I,8343.42985,0.0,0.0,17.220796,0.015777
KMTS42,I,8343.44871,0.0,0.0,17.221921,0.01913
KMTS42,I,8343.46154,0.0,0.0,17.221921,0.018494
KMTS42,I,8343.48292,0.0,0.0,17.218078,0.018317
KMTS42,I,8344.22771,0.0,0.0,17.244681,0.018377
KMTS42,I,8344.25751,0.0,0.0,17.243464,0.017563
KMTS42,I,8344.27533,0.0,0.0,17.226419,0.015049
KMTS42,I,8344.29812,0.0,0.0,17.221827,0.014873
KMTS42,I,8344.31561,0.0,0.0,17.232134,0.012439
KMTS42,I,8344.34669,0.0,0.0,17.202602,0.012282
KMTS42,I,8344.38691,0.0,0.0,17.22089,0.011554
KMTS42,I,8344.40652,0.0,0.0,17.243839,0.015935
KMTS42,I,8344.43303,0.0,0.0,17.211232,0.014702
KMTS42,I,8344.45132,0.0,0.0,17.238503,0.014768
KMTS42,I,8345.23647,0.0,0.0,17.20551,0.016879
KMTS42,I,8345.2572,0.0,0.0,17.237098,0.014679
KMTS42,I,8345.28594,0.0,0.0,17.215077,0.014879
KMTS42,I,8345.30467,0.0,0.0,17.222296,0.015234
KMTS42,I,8345.32753,0.0,0.0,17.22089,0.015416
KMTS42,I,8345.34699,0.0,0.0,17.220328,0.013344
KMTS42,I,8345.3647,0.0,0.0,17.235693,0.01486
KMTS42,I,8345.38677,0.0,0.0,17.2087,0.015789
KMTS42,I,8345.41308,0.0,0.0,17.225295,0.016858
KMTS42,I,8345.4148,0.0,0.0,17.205229,0.01706
KMTS42,I,8345.43226,0.0,0.0,17.202695,0.016972
KMTS42,I,8345.44996,0.0,0.0,17.212264,0.01389
KMTS42,I,8345.46629,0.0,0.0,17.184575,0.016628
KMTS42,I,8346.23921,0.0,0.0,17.223796,0.013791
KMTS42,I,8346.26079,0.0,0.0,17.20748,0.012995
KMTS42,I,8346.28596,0.0,0.0,17.232977,0.012975
KMTS42,I,8346.30361,0.0,0.0,17.219578,0.013884
KMTS42,I,8346.32145,0.0,0.0,17.21217,0.014161
KMTS42,I,8346.3396,0.0,0.0,17.215265,0.014158
KMTS42,I,8346.35929,0.0,0.0,17.208981,0.013354
KMTS42,I,8346.39024,0.0,0.0,17.222015,0.015776
KMTS42,I,8346.40792,0.0,0.0,17.22014,0.013794
KMTS42,I,8346.42573,0.0,0.0,17.226513,0.013788
KMTS42,I,8346.44356,0.0,0.0,17.238315,0.014858
KMTS42,I,8346.46855,0.0,0.0,17.2087,0.015427
KMTS42,I,8347.22714,0.0,0.0,17.211889,0.042923
KMTS42,I,8347.27077,0.0,0.0,17.216578,0.02132
KMTS42,I,8348.22831,0.0,0.0,17.172452,0.02421
KMTS42,I,8348.24597,0.0,0.0,17.260117,0.025082
KMTS42,I,8348.26345,0.0,0.0,17.23176,0.024215
KMTS42,I,8348.28103,0.0,0.0,17.179595,0.021641
KMTS42,I,8348.29868,0.0,0.0,17.196125,0.020708
KMTS42,I,8348.32097,0.0,0.0,17.213483,0.020231
KMTS42,I,8348.34669,0.0,0.0,17.184669,0.02337
KMTS42,I,8348.36475,0.0,0.0,17.189271,0.023546
KMTS42,I,8348.38259,0.0,0.0,17.207668,0.020603
KMTS42,I,8348.40007,0.0,0.0,17.22923,0.022305
KMTS42,I,8348.42172,0.0,0.0,17.251044,0.021092
KMTS42,I,8348.447,0.0,0.0,17.221359,0.025599
KMTS42,I,8348.45819,0.0,0.0,17.230542,0.019392
KMTS42,I,8349.2384,0.0,0.0,17.219109,0.015056
KMTS42,I,8349.25623,0.0,0.0,17.229699,0.015949
KMTS42,I,8349.27413,0.0,0.0,17.203258,0.016156
KMTS42,I,8349.29246,0.0,0.0,17.204947,0.014167
KMTS42,I,8349.31026,0.0,0.0,17.223514,0.016317
KMTS42,I,8349.34187,0.0,0.0,17.226326,0.014779
KMTS42,I,8349.36133,0.0,0.0,17.202414,0.014981
KMTS42,I,8349.37878,0.0,0.0,17.214421,0.012542
KMTS42,I,8349.40864,0.0,0.0,17.200068,0.013721
KMTS42,I,8349.42644,0.0,0.0,17.231291,0.01649
KMTS42,I,8349.45836,0.0,0.0,17.215359,0.01714
KMTS42,I,8350.30506,0.0,0.0,17.26395,0.075815
KMTS42,I,8350.32279,0.0,0.0,17.163425,0.068453
KMTS42,I,8350.37493,0.0,0.0,17.305493,0.20257
KMTS42,I,8352.24776,0.0,0.0,17.274603,0.049424
KMTS42,I,8352.2748,0.0,0.0,17.215921,0.04282
KMTS42,I,8352.29245,0.0,0.0,17.184199,0.036658
KMTS42,I,8352.31478,0.0,0.0,17.146486,0.0326
KMTS42,I,8352.33263,0.0,0.0,17.265539,0.039946
KMTS42,I,8352.35032,0.0,0.0,17.269371,0.044139
KMTS42,I,8352.35183,0.0,0.0,17.226794,0.038578
KMTS42,I,8352.38124,0.0,0.0,17.217984,0.035576
KMTS42,I,8352.39981,0.0,0.0,17.252167,0.037785
KMTS42,I,8352.41746,0.0,0.0,17.202226,0.034693
KMTS42,I,8352.43547,0.0,0.0,17.254131,0.036683
KMTS42,I,8352.45126,0.0,0.0,17.282728,0.03981
KMTS42,I,8353.23697,0.0,0.0,17.231385,0.022302
KMTS42,I,8353.25427,0.0,0.0,17.195938,0.022259
KMTS42,I,8353.28414,0.0,0.0,17.216203,0.020046
KMTS42,I,8353.30203,0.0,0.0,17.228668,0.018123
KMTS42,I,8353.32013,0.0,0.0,17.242996,0.021103
KMTS42,I,8353.33796,0.0,0.0,17.210951,0.021965
KMTS42,I,8353.35574,0.0,0.0,17.225482,0.019943
KMTS42,I,8353.37736,0.0,0.0,17.215734,0.018501
KMTS42,I,8353.40285,0.0,0.0,17.234008,0.01848
KMTS42,I,8353.4208,0.0,0.0,17.249454,0.017738
KMTS42,I,8353.44662,0.0,0.0,17.232509,0.021299
KMTS42,I,8354.24601,0.0,0.0,17.238783,0.024751
KMTS42,I,8354.26323,0.0,0.0,17.212733,0.021416
KMTS42,I,8354.27529,0.0,0.0,17.21789,0.020772
KMTS42,I,8354.28714,0.0,0.0,17.254131,0.024545
KMTS42,I,8354.29883,0.0,0.0,17.240562,0.021561
KMTS42,I,8354.31889,0.0,0.0,17.22567,0.017855
KMTS42,I,8354.33076,0.0,0.0,17.234476,0.016849
KMTS42,I,8354.3431,0.0,0.0,17.232041,0.01812
KMTS42,I,8354.35498,0.0,0.0,17.229699,0.019484
KMTS42,I,8354.36666,0.0,0.0,17.180347,0.021093
KMTS42,I,8354.39084,0.0,0.0,17.249828,0.020095
KMTS42,I,8354.40258,0.0,0.0,17.258901,0.016461
KMTS42,I,8354.41444,0.0,0.0,17.234382,0.019569
KMTS42,I,8354.4262,0.0,0.0,17.220609,0.021314
KMTS42,I,8354.43791,0.0,0.0,17.179407,0.028137
KMTS42,I,8354.44702,0.0,0.0,17.240469,0.035892
KMTS42,I,8355.2359,0.0,0.0,17.226045,0.01325
KMTS42,I,8355.25557,0.0,0.0,17.213296,0.014791
KMTS42,I,8355.26731,0.0,0.0,17.241218,0.012968
KMTS42,I,8355.27933,0.0,0.0,17.24674,0.013143
KMTS42,I,8355.29131,0.0,0.0,17.269464,0.021612
KMTS42,I,8355.30306,0.0,0.0,17.212827,0.0138
KMTS42,I,8355.31542,0.0,0.0,17.224452,0.01388
KMTS42,I,8355.33474,0.0,0.0,17.20795,0.014705
KMTS42,I,8355.34649,0.0,0.0,17.207105,0.014616
KMTS42,I,8355.35836,0.0,0.0,17.227919,0.015048
KMTS42,I,8355.36994,0.0,0.0,17.195093,0.015711
KMTS42,I,8355.38381,0.0,0.0,17.225014,0.016044
KMTS42,I,8355.40307,0.0,0.0,17.196031,0.01562
KMTS42,I,8355.41508,0.0,0.0,17.221359,0.015596
KMTS42,I,8355.42684,0.0,0.0,17.238222,0.017207
KMTS42,I,8355.44066,0.0,0.0,17.219203,0.017952
KMTS42,I,8359.23908,0.0,0.0,17.230354,0.0164
KMTS42,I,8359.25092,0.0,0.0,17.224826,0.015231
KMTS42,I,8359.26225,0.0,0.0,17.236442,0.015581
KMTS42,I,8359.28346,0.0,0.0,17.222202,0.014242
KMTS42,I,8359.29519,0.0,0.0,17.217796,0.015057
KMTS42,I,8359.30684,0.0,0.0,17.239532,0.014677
KMTS42,I,8359.32026,0.0,0.0,17.201288,0.01381
KMTS42,I,8359.33196,0.0,0.0,17.204572,0.014077
KMTS42,I,8359.35251,0.0,0.0,17.230729,0.013695
KMTS42,I,8359.36426,0.0,0.0,17.209826,0.013353
KMTS42,I,8359.37574,0.0,0.0,17.219953,0.015236
KMTS42,I,8359.38721,0.0,0.0,17.198378,0.017703
KMTS42,I,8359.39894,0.0,0.0,17.194436,0.016255
KMTS42,I,8359.41762,0.0,0.0,17.218453,0.013346
KMTS42,I,8359.43231,0.0,0.0,17.22314,0.015865
KMTS42,I,8360.22259,0.0,0.0,17.205229,0.013986
KMTS42,I,8360.23425,0.0,0.0,17.226326,0.013609
KMTS42,I,8360.2458,0.0,0.0,17.207574,0.012457
KMTS42,I,8360.28279,0.0,0.0,17.21939,0.010933
KMTS42,I,8360.29533,0.0,0.0,17.230823,0.011369
KMTS42,I,8360.31468,0.0,0.0,17.209919,0.010584
KMTS42,I,8360.32652,0.0,0.0,17.201757,0.011836
KMTS42,I,8360.33848,0.0,0.0,17.237753,0.012345
KMTS42,I,8360.35045,0.0,0.0,17.211045,0.013172
KMTS42,I,8360.36422,0.0,0.0,17.23485,0.014231
KMTS42,I,8360.39073,0.0,0.0,17.220046,0.022408
KMTS42,I,8360.40302,0.0,0.0,17.208981,0.020601
KMTS42,I,8360.41499,0.0,0.0,17.210388,0.015697
KMTS42,I,8360.42819,0.0,0.0,17.22492,0.02049
KMTS42,I,8361.22557,0.0,0.0,17.247208,0.025558
KMTS42,I,8361.24147,0.0,0.0,17.199505,0.025999
KMTS42,I,8361.2533,0.0,0.0,17.23663,0.014319
KMTS42,I,8361.27221,0.0,0.0,17.206918,0.012637
KMTS42,I,8361.28368,0.0,0.0,17.218265,0.017319
KMTS42,I,8361.29781,0.0,0.0,17.189177,0.039033
KMTS42,I,8361.30964,0.0,0.0,17.21217,0.01165
KMTS42,I,8361.32477,0.0,0.0,17.218828,0.014425
KMTS42,I,8361.33662,0.0,0.0,17.211045,0.039624
KMTS42,I,8361.35496,0.0,0.0,17.359558,0.202182
KMTS42,I,8361.36939,0.0,0.0,17.223046,0.016137
KMTS42,I,8361.38124,0.0,0.0,17.261145,0.038312
KMTS42,I,8361.39314,0.0,0.0,17.545959,0.228615
KMTS42,I,8361.40541,0.0,0.0,17.143191,0.098323
KMTS42,I,8361.41454,0.0,0.0,17.196782,0.036539
KMTS42,I,8362.22021,0.0,0.0,17.168691,0.025955
KMTS42,I,8362.24255,0.0,0.0,17.252635,0.015565
KMTS42,I,8362.25842,0.0,0.0,17.244026,0.014582
KMTS42,I,8362.27038,0.0,0.0,17.230448,0.014955
KMTS42,I,8362.28238,0.0,0.0,17.221265,0.014063
KMTS42,I,8362.29422,0.0,0.0,17.257218,0.015651
KMTS42,I,8362.32513,0.0,0.0,17.227356,0.013878
KMTS42,I,8362.34841,0.0,0.0,17.217328,0.012092
KMTS42,I,8362.36012,0.0,0.0,17.229324,0.011994
KMTS42,I,8362.38097,0.0,0.0,17.22923,0.011193
KMTS42,I,8362.39302,0.0,0.0,17.203165,0.011299
KMTS42,I,8362.41659,0.0,0.0,17.213671,0.012006
KMTS42,I,8365.2208,0.0,0.0,17.218734,0.014515
KMTS42,I,8365.23273,0.0,0.0,17.224264,0.01415
KMTS42,I,8365.24454,0.0,0.0,17.223046,0.014962
KMTS42,I,8365.26427,0.0,0.0,17.222483,0.012267
KMTS42,I,8365.27616,0.0,0.0,17.199786,0.012912
KMTS42,I,8365.28788,0.0,0.0,17.228949,0.013337
KMTS42,I,8365.29961,0.0,0.0,17.227825,0.013787
KMTS42,I,8365.31167,0.0,0.0,17.227731,0.014417
KMTS42,I,8365.33118,0.0,0.0,17.233633,0.013603
KMTS42,I,8365.33306,0.0,0.0,17.217328,0.012808
KMTS42,I,8365.34505,0.0,0.0,17.254225,0.016195
KMTS42,I,8365.35722,0.0,0.0,17.21939,0.013255
KMTS42,I,8365.36928,0.0,0.0,17.23279,0.015585
KMTS42,I,8365.38128,0.0,0.0,17.212827,0.015875
KMTS42,I,8365.40121,0.0,0.0,17.236911,0.016303
KMTS42,I,8365.41636,0.0,0.0,17.224826,0.017312
KMTS42,I,8366.22067,0.0,0.0,17.226326,0.020488
KMTS42,I,8366.23317,0.0,0.0,17.248424,0.020006
KMTS42,I,8366.24845,0.0,0.0,17.200162,0.017973
KMTS42,I,8366.26015,0.0,0.0,17.208231,0.019965
KMTS42,I,8366.27199,0.0,0.0,17.23485,0.019205
KMTS42,I,8366.29105,0.0,0.0,17.238971,0.017387
KMTS42,I,8366.30298,0.0,0.0,17.211983,0.017688
KMTS42,I,8366.3168,0.0,0.0,17.216109,0.015962
KMTS42,I,8366.32875,0.0,0.0,17.225857,0.017129
KMTS42,I,8366.3441,0.0,0.0,17.21714,0.020591
KMTS42,I,8366.35565,0.0,0.0,17.214984,0.017685
KMTS42,I,8366.37501,0.0,0.0,17.208512,0.024706
KMTS42,I,8366.38669,0.0,0.0,17.207011,0.017421
KMTS42,I,8366.39854,0.0,0.0,17.210295,0.026622
KMTS42,I,8366.40942,0.0,0.0,17.172828,0.020919
KMTS42,I,8368.22223,0.0,0.0,17.20551,0.023432
KMTS42,I,8368.23414,0.0,0.0,17.228762,0.055528
KMTS42,I,8368.24597,0.0,0.0,17.194529,0.050223
KMTS42,I,8370.22341,0.0,0.0,17.226794,0.019033
KMTS42,I,8370.23526,0.0,0.0,17.223514,0.018129
KMTS42,I,8370.24678,0.0,0.0,17.200255,0.021979
KMTS42,I,8370.25863,0.0,0.0,17.204478,0.034597
KMTS42,I,8370.27123,0.0,0.0,17.216578,0.016596
KMTS42,I,8370.29102,0.0,0.0,17.22567,0.015863
KMTS42,I,8370.30267,0.0,0.0,17.21142,0.016691
KMTS42,I,8370.3143,0.0,0.0,17.240094,0.01811
KMTS42,I,8370.326,0.0,0.0,17.215921,0.017321
KMTS42,I,8370.33792,0.0,0.0,17.219671,0.016683
KMTS42,I,8371.22004,0.0,0.0,17.194999,0.018888
KMTS42,I,8371.24024,0.0,0.0,17.244494,0.013145
KMTS42,I,8371.25161,0.0,0.0,17.232509,0.014323
KMTS42,I,8371.26614,0.0,0.0,17.205979,0.014166
KMTS42,I,8371.27799,0.0,0.0,17.221171,0.012805
KMTS42,I,8371.28977,0.0,0.0,17.230167,0.013605
KMTS42,I,8371.30869,0.0,0.0,17.223889,0.013611
KMTS42,I,8371.32366,0.0,0.0,17.217703,0.014787
KMTS42,I,8371.33551,0.0,0.0,17.211326,0.015425
KMTS42,I,8371.3472,0.0,0.0,17.204572,0.014799
KMTS42,I,8371.36074,0.0,0.0,17.197533,0.015257
KMTS42,I,8371.38085,0.0,0.0,17.215921,0.01533
KMTS42,I,8371.39771,0.0,0.0,17.227919,0.015228
KMTS42,I,8372.22425,0.0,0.0,17.221546,0.013074
KMTS42,I,8372.23598,0.0,0.0,17.198378,0.010858
KMTS42,I,8372.24781,0.0,0.0,17.232603,0.010835
KMTS42,I,8372.26427,0.0,0.0,17.205416,0.011476
KMTS42,I,8372.276,0.0,0.0,17.217703,0.011112
KMTS42,I,8372.29626,0.0,0.0,17.207668,0.011207
KMTS42,I,8372.30805,0.0,0.0,17.230542,0.010748
KMTS42,I,8372.32157,0.0,0.0,17.206261,0.011386
KMTS42,I,8372.33355,0.0,0.0,17.227263,0.010839
KMTS42,I,8372.34554,0.0,0.0,17.226701,0.012353
KMTS42,I,8372.36708,0.0,0.0,17.231853,0.012528
KMTS42,I,8372.37891,0.0,0.0,17.211514,0.012813
KMTS42,I,8372.39566,0.0,0.0,17.225108,0.012713
KMTS42,I,8373.23786,0.0,0.0,17.228574,0.013787
KMTS42,I,8373.23961,0.0,0.0,17.220984,0.012985
KMTS42,I,8373.25142,0.0,0.0,17.216859,0.015329
KMTS42,I,8373.26302,0.0,0.0,17.210482,0.015968
KMTS42,I,8373.27482,0.0,0.0,17.214702,0.015331
KMTS42,I,8373.28652,0.0,0.0,17.214234,0.015422
KMTS42,I,8373.30595,0.0,0.0,17.196219,0.013724
KMTS42,I,8373.31767,0.0,0.0,17.212921,0.01326
KMTS42,I,8373.32929,0.0,0.0,17.2087,0.017238
KMTS42,I,8373.34099,0.0,0.0,17.217609,0.013257
KMTS42,I,8373.35263,0.0,0.0,17.214702,0.015783
KMTS42,I,8373.3767,0.0,0.0,17.222577,0.015775
KMTS42,I,8373.38758,0.0,0.0,17.221546,0.015505
KMTS42,I,8374.23889,0.0,0.0,17.220234,0.014604
KMTS42,I,8374.25059,0.0,0.0,17.197909,0.015256
KMTS42,I,8374.2624,0.0,0.0,17.202038,0.01888
KMTS42,I,8374.27426,0.0,0.0,17.232603,0.020298
KMTS42,I,8374.28585,0.0,0.0,17.234008,0.013512
KMTS42,I,8375.24314,0.0,0.0,17.223421,0.014331
KMTS42,I,8375.25496,0.0,0.0,17.215828,0.012272
KMTS42,I,8375.26664,0.0,0.0,17.214609,0.011559
KMTS42,I,8375.2786,0.0,0.0,17.213202,0.01344
KMTS42,I,8375.29021,0.0,0.0,17.213952,0.01326
KMTS42,I,8375.31583,0.0,0.0,17.237004,0.013151
KMTS42,I,8375.32916,0.0,0.0,17.215171,0.012989
KMTS42,I,8375.34088,0.0,0.0,17.219203,0.013255
KMTS42,I,8375.35255,0.0,0.0,17.230917,0.013964
KMTS42,I,8375.36427,0.0,0.0,17.196595,0.019341
KMTS42,I,8375.38637,0.0,0.0,17.221921,0.022862
KMTS42,I,8376.24414,0.0,0.0,17.22417,0.027056
KMTS42,I,8376.26453,0.0,0.0,17.218921,0.016593
KMTS42,I,8376.27602,0.0,0.0,17.227356,0.015048
KMTS42,I,8376.28804,0.0,0.0,17.220046,0.015145
KMTS42,I,8376.29985,0.0,0.0,17.2282,0.016493
KMTS42,I,8376.31151,0.0,0.0,17.200631,0.02801
KMTS42,I,8376.33118,0.0,0.0,17.235693,0.01378
KMTS42,I,8376.34337,0.0,0.0,17.195187,0.013725
KMTS42,I,8376.35603,0.0,0.0,17.218078,0.013706
KMTS42,I,8376.36758,0.0,0.0,17.226794,0.011818
KMTS42,I,8376.38222,0.0,0.0,17.207293,0.014345
KMTS42,I,8377.25914,0.0,0.0,17.287303,0.026856
KMTS42,I,8377.27096,0.0,0.0,17.210857,0.024702
KMTS42,I,8377.29024,0.0,0.0,17.214046,0.026524
KMTS42,I,8377.30912,0.0,0.0,17.236442,0.018749
KMTS42,I,8377.32696,0.0,0.0,17.243183,0.031133
KMTS42,I,8377.33859,0.0,0.0,17.193403,0.022993
KMTS42,I,8377.35046,0.0,0.0,17.19744,0.022713
KMTS42,I,8377.36985,0.0,0.0,17.178749,0.019271
KMTS42,I,8377.38025,0.0,0.0,17.260397,0.035664
KMTS42,I,8378.24201,0.0,0.0,17.206261,0.024709
KMTS42,I,8378.25805,0.0,0.0,17.206073,0.019967
KMTS42,I,8378.26952,0.0,0.0,17.199974,0.02737
KMTS42,I,8378.28318,0.0,0.0,17.226607,0.038487
KMTS42,I,8378.29504,0.0,0.0,17.187111,0.025836
KMTS42,I,8378.30676,0.0,0.0,17.236536,0.081449
KMTS42,I,8378.32624,0.0,0.0,17.257498,0.095723
KMTS42,I,8378.33808,0.0,0.0,17.19575,0.256145
KMTS42,I,8378.34991,0.0,0.0,16.998736,0.196986
KMTS42,I,8378.36156,0.0,0.0,17.104257,0.314185
KMTS42,I,8378.37812,0.0,0.0,17.379977,0.076853
KMTS42,I,8379.24021,0.0,0.0,17.257592,0.061377
KMTS42,I,8379.2518,0.0,0.0,17.2356,0.046524
KMTS42,I,8382.24215,0.0,0.0,17.239907,0.023109
KMTS42,I,8382.26154,0.0,0.0,17.240656,0.019743
KMTS42,I,8382.27335,0.0,0.0,17.223796,0.017947
KMTS42,I,8382.28525,0.0,0.0,17.21864,0.017137
KMTS42,I,8382.29692,0.0,0.0,17.211795,0.015786
KMTS42,I,8382.30878,0.0,0.0,17.210857,0.014883
KMTS42,I,8382.32979,0.0,0.0,17.220046,0.013344
KMTS42,I,8382.34154,0.0,0.0,17.208137,0.013534
KMTS42,I,8382.35325,0.0,0.0,17.231947,0.013874
KMTS42,I,8382.36665,0.0,0.0,17.219953,0.012896
KMTS42,I,8383.25619,0.0,0.0,17.234195,0.018934
KMTS42,I,8383.26805,0.0,0.0,17.216109,0.016505
KMTS42,I,8383.27994,0.0,0.0,17.229699,0.02112
KMTS42,I,8383.30683,0.0,0.0,17.21639,0.012451
KMTS42,I,8383.31926,0.0,0.0,17.247957,0.013411
KMTS42,I,8383.33093,0.0,0.0,17.205979,0.012907
KMTS42,I,8383.34333,0.0,0.0,17.226419,0.012801
KMTS42,I,8383.36275,0.0,0.0,17.220796,0.013254
KMTS42,I,8384.24457,0.0,0.0,17.218828,0.017681
KMTS42,I,8384.26736,0.0,0.0,17.214046,0.01923
KMTS42,I,8384.27908,0.0,0.0,17.20476,0.018332
KMTS42,I,8384.29634,0.0,0.0,17.224826,0.018037
KMTS42,I,8384.31332,0.0,0.0,17.209732,0.016059
KMTS42,I,8384.32527,0.0,0.0,17.237566,0.020292
KMTS42,I,8384.345,0.0,0.0,17.247957,0.018101
KMTS42,I,8384.36106,0.0,0.0,17.224639,0.018309
KMTS42,I,8385.24836,0.0,0.0,17.234008,0.017845
KMTS42,I,8385.26018,0.0,0.0,17.182978,0.020998
KMTS42,I,8385.27199,0.0,0.0,17.214234,0.01823
KMTS42,I,8385.28373,0.0,0.0,17.204103,0.015251
KMTS42,I,8385.29559,0.0,0.0,17.195187,0.018706
KMTS42,I,8385.31535,0.0,0.0,17.229043,0.017398
KMTS42,I,8385.32736,0.0,0.0,17.2282,0.026136
KMTS42,I,8385.34069,0.0,0.0,17.212921,0.022601
KMTS42,I,8385.35705,0.0,0.0,17.188426,0.025559
KMTS42,I,8386.29186,0.0,0.0,17.167939,0.048462
KMTS42,I,8388.22868,0.0,0.0,17.201006,0.01327
KMTS42,I,8388.24049,0.0,0.0,17.187487,0.012204
KMTS42,I,8388.25943,0.0,0.0,17.205416,0.012907
KMTS42,I,8388.28315,0.0,0.0,17.200725,0.014531
KMTS42,I,8388.29506,0.0,0.0,17.217421,0.013436
KMTS42,I,8388.30681,0.0,0.0,17.201569,0.013809
KMTS42,I,8388.32666,0.0,0.0,17.228856,0.016945
KMTS42,I,8388.33883,0.0,0.0,17.204666,0.014347
KMTS42,I,8388.35094,0.0,0.0,17.2087,0.013983
KMTS42,I,8389.22847,0.0,0.0,17.20945,0.015065
KMTS42,I,8389.24033,0.0,0.0,17.204666,0.013357
KMTS42,I,8389.25677,0.0,0.0,17.210388,0.014072
KMTS42,I,8389.26853,0.0,0.0,17.214609,0.01497
KMTS42,I,8389.28935,0.0,0.0,17.223702,0.017313
KMTS42,I,8389.30128,0.0,0.0,17.219109,0.015327
KMTS42,I,8389.32251,0.0,0.0,17.204291,0.015522
KMTS42,I,8389.33417,0.0,0.0,17.199035,0.015617
KMTS42,I,8389.34671,0.0,0.0,17.210482,0.01978
KMTS42,I,8390.2331,0.0,0.0,17.216859,0.0156
KMTS42,I,8390.24498,0.0,0.0,17.204478,0.015521
KMTS42,I,8390.26507,0.0,0.0,17.229511,0.016582
KMTS42,I,8390.27702,0.0,0.0,17.233914,0.015674
KMTS42,I,8390.28861,0.0,0.0,17.204572,0.015974
KMTS42,I,8390.30055,0.0,0.0,17.221546,0.014783
KMTS42,I,8390.31256,0.0,0.0,17.189177,0.014
KMTS42,I,8390.33336,0.0,0.0,17.219578,0.016049
KMTS42,I,8390.34392,0.0,0.0,17.182696,0.015089
KMTS42,I,8391.23744,0.0,0.0,17.226888,0.016042
KMTS42,I,8391.24913,0.0,0.0,17.199598,0.015526
KMTS42,I,8391.26167,0.0,0.0,17.214234,0.016688
KMTS42,I,8391.27365,0.0,0.0,17.211045,0.015515
KMTS42,I,8391.29056,0.0,0.0,17.208981,0.01751
KMTS42,I,8391.30934,0.0,0.0,17.210951,0.015877
KMTS42,I,8391.31101,0.0,0.0,17.202977,0.016337
KMTS42,I,8391.32288,0.0,0.0,17.196125,0.018432
KMTS42,I,8391.34281,0.0,0.0,17.23485,0.022388
KMTS42,I,8392.22851,0.0,0.0,17.206542,0.018421
KMTS42,I,8392.24028,0.0,0.0,17.207668,0.015067
KMTS42,I,8392.25197,0.0,0.0,17.232322,0.014593
KMTS42,I,8392.27156,0.0,0.0,17.223796,0.075364
KMTS42,I,8392.28407,0.0,0.0,17.172358,0.020099
KMTS42,I,8392.29663,0.0,0.0,17.21714,0.015509
KMTS42,I,8392.3085,0.0,0.0,17.222202,0.015414
KMTS42,I,8392.339,0.0,0.0,17.232696,0.016217
KMTS42,I,8393.22884,0.0,0.0,17.213765,0.037784
KMTS42,I,8393.24904,0.0,0.0,17.213671,0.030366
KMTS42,I,8393.26074,0.0,0.0,17.24103,0.015848
KMTS42,I,8393.27241,0.0,0.0,17.235974,0.019749
KMTS42,I,8393.28384,0.0,0.0,17.222202,0.024138
KMTS42,I,8393.29731,0.0,0.0,17.181098,0.023101
KMTS42,I,8393.30924,0.0,0.0,17.200818,0.021796
KMTS42,I,8393.33536,0.0,0.0,17.173016,0.023569
KMTS42,I,8395.23267,0.0,0.0,17.219953,0.013524
KMTS42,I,8395.25227,0.0,0.0,17.191994,0.013008
KMTS42,I,8395.26413,0.0,0.0,17.200162,0.012284
KMTS42,I,8395.27615,0.0,0.0,17.200631,0.012105
KMTS42,I,8395.28805,0.0,0.0,17.204947,0.014167
KMTS42,I,8395.29966,0.0,0.0,17.237379,0.0154
KMTS42,I,8395.32086,0.0,0.0,17.200255,0.014893
KMTS42,I,8395.33005,0.0,0.0,17.221827,0.016228
KMTS42,I,8396.23109,0.0,0.0,17.215171,0.017413
KMTS42,I,8396.2429,0.0,0.0,17.177716,0.016453
KMTS42,I,8396.25452,0.0,0.0,17.19744,0.017159
KMTS42,I,8396.26651,0.0,0.0,17.180911,0.021092
KMTS42,I,8396.27848,0.0,0.0,17.194154,0.018616
KMTS42,I,8396.30074,0.0,0.0,17.211232,0.028906
KMTS42,I,8396.31294,0.0,0.0,17.183635,0.048877
KMTS42,I,8396.32814,0.0,0.0,17.213858,0.016417
KMTS42,I,8397.2316,0.0,0.0,17.228106,0.018215
KMTS42,I,8397.24549,0.0,0.0,17.205886,0.016244
KMTS42,I,8397.2575,0.0,0.0,17.191713,0.014178
KMTS42,I,8397.26916,0.0,0.0,17.21414,0.016326
KMTS42,I,8397.28828,0.0,0.0,17.219578,0.016592
KMTS42,I,8397.30008,0.0,0.0,17.22417,0.017584
KMTS42,I,8397.31207,0.0,0.0,17.202038,0.015343
KMTS42,I,8397.32559,0.0,0.0,17.215359,0.017503
KMTS42,I,8398.23357,0.0,0.0,17.187299,0.019625
KMTS42,I,8398.24539,0.0,0.0,17.197909,0.013183
KMTS42,I,8398.25736,0.0,0.0,17.218734,0.013705
KMTS42,I,8398.27896,0.0,0.0,17.22089,0.012806
KMTS42,I,8398.29063,0.0,0.0,17.19866,0.013182
KMTS42,I,8398.30223,0.0,0.0,17.201006,0.015796
KMTS42,I,8398.31371,0.0,0.0,17.217046,0.016233
KMTS42,I,8398.32585,0.0,0.0,17.198566,0.015256
KMTS42,I,8399.23792,0.0,0.0,17.194436,0.013096
KMTS42,I,8399.24972,0.0,0.0,17.202977,0.012999
KMTS42,I,8399.27885,0.0,0.0,17.211701,0.014071
KMTS42,I,8399.29068,0.0,0.0,17.194999,0.014085
KMTS42,I,8399.30242,0.0,0.0,17.193027,0.015442
KMTS42,I,8399.31745,0.0,0.0,17.222952,0.016137
KMTS42,I,8401.25009,0.0,0.0,17.212452,0.014701
KMTS42,I,8401.26146,0.0,0.0,17.200255,0.013181
KMTS42,I,8401.27343,0.0,0.0,17.19528,0.015349
KMTS42,I,8401.29273,0.0,0.0,17.213577,0.01452
KMTS42,I,8401.30433,0.0,0.0,17.208043,0.015247
KMTS42,I,8401.31329,0.0,0.0,17.205323,0.015249
KMTS42,I,8402.24878,0.0,0.0,17.185326,0.013913
KMTS42,I,8402.26047,0.0,0.0,17.199223,0.025451
KMTS42,I,8402.27217,0.0,0.0,17.205886,0.01552
KMTS42,I,8402.28412,0.0,0.0,17.211608,0.014792
KMTS42,I,8402.31116,0.0,0.0,17.195468,0.016798
KMTS42,I,8403.28511,0.0,0.0,17.199974,0.051951
KMTS42,I,8404.28286,0.0,0.0,17.175084,0.026495
KMTS42,I,8404.30089,0.0,0.0,17.171324,0.072196
KMTS42,I,8405.26874,0.0,0.0,17.278713,0.161839
KMTS42,I,8405.29241,0.0,0.0,17.199786,0.031124
KMTS42,I,8405.30154,0.0,0.0,17.213858,0.037234
